"Period","Year","Month","Oil Type","Volume (m3/d)","Volume (bbl/d)"
"06/01/1985","1985","June","Light","28019.093333","176320.147616"
"06/01/1985","1985","June","Medium","14596.950000","91856.518986"
"06/01/1985","1985","June","Heavy","22124.423333","139225.832244"
"06/01/1985","1985","June","Total","64740.466666","407402.498847"
"07/01/1985","1985","July","Light","25181.764516","158465.243108"
"07/01/1985","1985","July","Medium","12667.226451","79713.044647"
"07/01/1985","1985","July","Heavy","20639.435483","129881.016061"
"07/01/1985","1985","July","Total","58488.426451","368059.303815"
"08/01/1985","1985","August","Light","31195.951612","196311.662479"
"08/01/1985","1985","August","Medium","13946.651612","87764.284229"
"08/01/1985","1985","August","Heavy","17240.583870","108492.528897"
"08/01/1985","1985","August","Total","62383.187096","392568.475604"
"09/01/1985","1985","September","Light","41596.321333","261759.701877"
"09/01/1985","1985","September","Medium","18018.463333","113387.613116"
"09/01/1985","1985","September","Heavy","25019.556666","157444.492307"
"09/01/1985","1985","September","Total","84634.341333","532591.807300"
"10/01/1985","1985","October","Light","35071.761290","220701.578538"
"10/01/1985","1985","October","Medium","15736.416129","99027.016392"
"10/01/1985","1985","October","Heavy","28400.754838","178721.888892"
"10/01/1985","1985","October","Total","79208.932258","498450.483823"
"11/01/1985","1985","November","Light","25616.566666","161201.390864"
"11/01/1985","1985","November","Medium","16315.653333","102672.073288"
"11/01/1985","1985","November","Heavy","34908.580000","219674.702013"
"11/01/1985","1985","November","Total","76840.800000","483548.166166"
"12/01/1985","1985","December","Light","36205.298258","227834.764580"
"12/01/1985","1985","December","Medium","14527.932258","91422.200206"
"12/01/1985","1985","December","Heavy","35328.425806","222316.731635"
"12/01/1985","1985","December","Total","86061.656322","541573.696421"
"01/01/1986","1986","January","Light","31213.480645","196421.970172"
"01/01/1986","1986","January","Medium","14442.509677","90884.648121"
"01/01/1986","1986","January","Heavy","37515.690322","236080.874456"
"01/01/1986","1986","January","Total","83171.680645","523387.492750"
"02/01/1986","1986","February","Light","30106.250000","189454.326056"
"02/01/1986","1986","February","Medium","15673.025000","98628.105082"
"02/01/1986","1986","February","Heavy","32747.564285","206075.739148"
"02/01/1986","1986","February","Total","78526.839285","494158.170287"
"03/01/1986","1986","March","Light","35863.009677","225680.791490"
"03/01/1986","1986","March","Medium","14902.635483","93780.154023"
"03/01/1986","1986","March","Heavy","33236.358064","209151.648501"
"03/01/1986","1986","March","Total","84002.003225","528612.594014"
"04/01/1986","1986","April","Light","56339.746666","354537.969190"
"04/01/1986","1986","April","Medium","21227.623333","133582.398087"
"04/01/1986","1986","April","Heavy","26464.280000","166535.929648"
"04/01/1986","1986","April","Total","104031.650000","654656.296924"
"05/01/1986","1986","May","Light","50832.661290","319882.668429"
"05/01/1986","1986","May","Medium","20730.032258","130451.128605"
"05/01/1986","1986","May","Heavy","32784.851612","206310.382966"
"05/01/1986","1986","May","Total","104347.545161","656644.180001"
"06/01/1986","1986","June","Light","42486.416666","267360.944526"
"06/01/1986","1986","June","Medium","16698.966666","105084.209281"
"06/01/1986","1986","June","Heavy","31490.193333","198163.283549"
"06/01/1986","1986","June","Total","90675.576666","570608.437356"
"07/01/1986","1986","July","Light","40932.441935","257582.003761"
"07/01/1986","1986","July","Medium","18011.019354","113340.769224"
"07/01/1986","1986","July","Heavy","32168.335483","202430.735128"
"07/01/1986","1986","July","Total","91111.796774","573353.508113"
"08/01/1986","1986","August","Light","45091.564516","283754.767406"
"08/01/1986","1986","August","Medium","17408.045161","109546.338850"
"08/01/1986","1986","August","Heavy","31985.054838","201277.376237"
"08/01/1986","1986","August","Total","94484.664516","594578.482493"
"09/01/1986","1986","September","Light","38645.063333","243187.857313"
"09/01/1986","1986","September","Medium","18776.326666","118156.738699"
"09/01/1986","1986","September","Heavy","35384.573333","222670.059993"
"09/01/1986","1986","September","Total","92805.963333","584014.656004"
"10/01/1986","1986","October","Light","42068.093548","264728.496963"
"10/01/1986","1986","October","Medium","17960.932258","113025.578287"
"10/01/1986","1986","October","Heavy","39236.822580","246911.713634"
"10/01/1986","1986","October","Total","99265.848387","624665.788884"
"11/01/1986","1986","November","Light","42674.190000","268542.575261"
"11/01/1986","1986","November","Medium","17937.053333","112875.311628"
"11/01/1986","1986","November","Heavy","39320.600000","247438.912954"
"11/01/1986","1986","November","Total","99931.843333","628856.799843"
"12/01/1986","1986","December","Light","38674.370967","243372.286065"
"12/01/1986","1986","December","Medium","18176.658064","114383.109938"
"12/01/1986","1986","December","Heavy","34906.122580","219659.237824"
"12/01/1986","1986","December","Total","91757.151612","577414.633827"
"01/01/1987","1987","January","Light","37117.616129","233575.850481"
"01/01/1987","1987","January","Medium","15972.361290","100511.785552"
"01/01/1987","1987","January","Heavy","38645.277419","243189.204525"
"01/01/1987","1987","January","Total","91735.254838","577276.840559"
"02/01/1987","1987","February","Light","36068.875000","226976.272526"
"02/01/1987","1987","February","Medium","18681.671428","117561.086821"
"02/01/1987","1987","February","Heavy","35762.567857","225048.725478"
"02/01/1987","1987","February","Total","90513.114285","569586.084825"
"03/01/1987","1987","March","Light","32029.270967","201555.622014"
"03/01/1987","1987","March","Medium","17118.235483","107722.607992"
"03/01/1987","1987","March","Heavy","36524.954838","229846.317731"
"03/01/1987","1987","March","Total","85672.461290","539124.547738"
"04/01/1987","1987","April","Light","43884.290000","276157.561517"
"04/01/1987","1987","April","Medium","19894.956666","125196.117325"
"04/01/1987","1987","April","Heavy","35771.386666","225104.220985"
"04/01/1987","1987","April","Total","99550.633333","626457.899826"
"05/01/1987","1987","May","Light","55048.670967","346413.414440"
"05/01/1987","1987","May","Medium","19102.535483","120209.524137"
"05/01/1987","1987","May","Heavy","33614.403225","211530.632640"
"05/01/1987","1987","May","Total","107765.609677","678153.571218"
"06/01/1987","1987","June","Light","53306.416666","335449.657266"
"06/01/1987","1987","June","Medium","17470.496666","109939.337242"
"06/01/1987","1987","June","Heavy","41046.380000","258298.999708"
"06/01/1987","1987","June","Total","111823.293333","703687.994216"
"07/01/1987","1987","July","Light","48968.206451","308149.920746"
"07/01/1987","1987","July","Medium","17209.158064","108294.770790"
"07/01/1987","1987","July","Heavy","38788.732258","244091.945311"
"07/01/1987","1987","July","Total","104966.096774","660536.636848"
"08/01/1987","1987","August","Light","47972.712903","301885.422202"
"08/01/1987","1987","August","Medium","16242.051612","102208.908187"
"08/01/1987","1987","August","Heavy","34521.506451","217238.903525"
"08/01/1987","1987","August","Total","98736.270967","621333.233913"
"09/01/1987","1987","September","Light","45847.893333","288514.236498"
"09/01/1987","1987","September","Medium","13942.393333","87737.487484"
"09/01/1987","1987","September","Heavy","38627.546666","243077.627434"
"09/01/1987","1987","September","Total","98417.833333","619329.351417"
"10/01/1987","1987","October","Light","49102.296774","308993.731972"
"10/01/1987","1987","October","Medium","19652.364516","123669.519612"
"10/01/1987","1987","October","Heavy","34896.596774","219599.293287"
"10/01/1987","1987","October","Total","103651.258064","652262.544870"
"11/01/1987","1987","November","Light","43474.476666","273578.664813"
"11/01/1987","1987","November","Medium","17570.646666","110569.566871"
"11/01/1987","1987","November","Heavy","38574.106666","242741.337156"
"11/01/1987","1987","November","Total","99619.230000","626889.568840"
"12/01/1987","1987","December","Light","38569.706451","242713.647232"
"12/01/1987","1987","December","Medium","19060.570967","119945.447438"
"12/01/1987","1987","December","Heavy","34878.690322","219486.610547"
"12/01/1987","1987","December","Total","92508.967741","582145.705218"
"01/01/1988","1988","January","Light","42451.503225","267141.239235"
"01/01/1988","1988","January","Medium","20349.116129","128054.077876"
"01/01/1988","1988","January","Heavy","45424.283870","285848.522727"
"01/01/1988","1988","January","Total","108224.903225","681043.839839"
"02/01/1988","1988","February","Light","48060.084827","302435.241228"
"02/01/1988","1988","February","Medium","21896.492413","137791.495562"
"02/01/1988","1988","February","Heavy","41633.393103","261992.989225"
"02/01/1988","1988","February","Total","111589.970344","702219.726014"
"03/01/1988","1988","March","Light","50948.532258","320611.827860"
"03/01/1988","1988","March","Medium","21123.061290","132924.404102"
"03/01/1988","1988","March","Heavy","43035.677419","270817.363898"
"03/01/1988","1988","March","Total","115107.270967","724353.595860"
"04/01/1988","1988","April","Light","51558.890000","324452.721849"
"04/01/1988","1988","April","Medium","21703.443333","136576.665304"
"04/01/1988","1988","April","Heavy","43462.746666","273504.849601"
"04/01/1988","1988","April","Total","116725.080000","734534.236754"
"05/01/1988","1988","May","Light","53450.464516","336356.129784"
"05/01/1988","1988","May","Medium","22698.319354","142837.277840"
"05/01/1988","1988","May","Heavy","44194.251612","278108.105622"
"05/01/1988","1988","May","Total","120343.035483","757301.513246"
"06/01/1988","1988","June","Light","53855.390000","338904.267949"
"06/01/1988","1988","June","Medium","23025.146666","144893.955377"
"06/01/1988","1988","June","Heavy","43294.000000","272442.950958"
"06/01/1988","1988","June","Total","120174.536666","756241.174285"
"07/01/1988","1988","July","Light","48762.438709","306855.053771"
"07/01/1988","1988","July","Medium","22925.151612","144264.700803"
"07/01/1988","1988","July","Heavy","40617.812903","255602.088253"
"07/01/1988","1988","July","Total","112305.403225","706721.842827"
"08/01/1988","1988","August","Light","48409.967741","304637.004375"
"08/01/1988","1988","August","Medium","21941.119354","138072.326520"
"08/01/1988","1988","August","Heavy","41565.625806","261566.539316"
"08/01/1988","1988","August","Total","111916.712903","704275.870210"
"09/01/1988","1988","September","Light","46403.883333","292013.002061"
"09/01/1988","1988","September","Medium","21304.250000","134064.598742"
"09/01/1988","1988","September","Heavy","37646.076666","236901.377074"
"09/01/1988","1988","September","Total","105354.210000","662978.977878"
"10/01/1988","1988","October","Light","48355.654838","304295.221041"
"10/01/1988","1988","October","Medium","19576.770967","123193.820222"
"10/01/1988","1988","October","Heavy","38172.600000","240214.713118"
"10/01/1988","1988","October","Total","106105.025806","667703.754381"
"11/01/1988","1988","November","Light","57479.000000","361707.127503"
"11/01/1988","1988","November","Medium","20385.726666","128284.462754"
"11/01/1988","1988","November","Heavy","36272.506666","228257.697485"
"11/01/1988","1988","November","Total","114137.233333","718249.287742"
"12/01/1988","1988","December","Light","54114.987096","340537.875357"
"12/01/1988","1988","December","Medium","19210.683870","120890.086472"
"12/01/1988","1988","December","Heavy","38121.919354","239895.787066"
"12/01/1988","1988","December","Total","111447.590322","701323.748895"
"01/01/1989","1989","January","Light","51963.151612","326996.682369"
"01/01/1989","1989","January","Medium","19947.767741","125528.449869"
"01/01/1989","1989","January","Heavy","34862.661290","219385.742139"
"01/01/1989","1989","January","Total","106773.580645","671910.874378"
"02/01/1989","1989","February","Light","49631.196428","312322.021864"
"02/01/1989","1989","February","Medium","19886.085714","125140.293690"
"02/01/1989","1989","February","Heavy","36015.692857","226641.604906"
"02/01/1989","1989","February","Total","105532.975000","664103.920460"
"03/01/1989","1989","March","Light","47696.503225","300147.274200"
"03/01/1989","1989","March","Medium","20493.251612","128961.101865"
"03/01/1989","1989","March","Heavy","36875.277419","232050.847635"
"03/01/1989","1989","March","Total","105065.032258","661159.223700"
"04/01/1989","1989","April","Light","42153.013333","265262.885026"
"04/01/1989","1989","April","Medium","20665.903333","130047.574452"
"04/01/1989","1989","April","Heavy","34134.426666","214803.065790"
"04/01/1989","1989","April","Total","96953.343333","610113.525269"
"05/01/1989","1989","May","Light","48754.674193","306806.192782"
"05/01/1989","1989","May","Medium","20658.054838","129998.184998"
"05/01/1989","1989","May","Heavy","37090.132258","233402.898411"
"05/01/1989","1989","May","Total","106502.861290","670207.276191"
"06/01/1989","1989","June","Light","52124.790000","328013.849625"
"06/01/1989","1989","June","Medium","23857.803333","150133.744711"
"06/01/1989","1989","June","Heavy","32601.206666","205154.731581"
"06/01/1989","1989","June","Total","108583.800000","683302.325917"
"07/01/1989","1989","July","Light","43978.896774","276752.908418"
"07/01/1989","1989","July","Medium","18841.812903","118568.834221"
"07/01/1989","1989","July","Heavy","29939.403225","188404.383165"
"07/01/1989","1989","July","Total","92760.112903","583726.125804"
"08/01/1989","1989","August","Light","42727.112903","268875.611523"
"08/01/1989","1989","August","Medium","24133.719354","151870.044778"
"08/01/1989","1989","August","Heavy","34002.635483","213973.722723"
"08/01/1989","1989","August","Total","100863.467741","634719.379024"
"09/01/1989","1989","September","Light","56330.033333","354476.844572"
"09/01/1989","1989","September","Medium","19758.533333","124337.624796"
"09/01/1989","1989","September","Heavy","34530.926666","217298.183591"
"09/01/1989","1989","September","Total","110619.493333","696112.652959"
"10/01/1989","1989","October","Light","42425.858064","266979.857902"
"10/01/1989","1989","October","Medium","22075.029032","138915.000971"
"10/01/1989","1989","October","Heavy","32317.548387","203369.710591"
"10/01/1989","1989","October","Total","96818.435483","609264.569464"
"11/01/1989","1989","November","Light","41818.793333","263159.686359"
"11/01/1989","1989","November","Medium","24766.116666","155849.630629"
"11/01/1989","1989","November","Heavy","30886.606666","194364.998969"
"11/01/1989","1989","November","Total","97471.516666","613374.315956"
"12/01/1989","1989","December","Light","46396.206451","291964.692542"
"12/01/1989","1989","December","Medium","21692.806451","136509.728929"
"12/01/1989","1989","December","Heavy","38737.883870","243771.963683"
"12/01/1989","1989","December","Total","106826.896774","672246.385154"
"01/01/1990","1990","January","Light","41174.667741","259106.296123"
"01/01/1990","1990","January","Medium","23933.580645","150610.600498"
"01/01/1990","1990","January","Heavy","31228.658064","196517.479502"
"01/01/1990","1990","January","Total","96336.906451","606234.376122"
"02/01/1990","1990","February","Light","33821.671428","212834.941801"
"02/01/1990","1990","February","Medium","24163.942857","152060.236956"
"02/01/1990","1990","February","Heavy","36804.996428","231608.579411"
"02/01/1990","1990","February","Total","94790.610714","596503.758168"
"03/01/1990","1990","March","Light","31764.813225","199891.427262"
"03/01/1990","1990","March","Medium","25669.277419","161533.092093"
"03/01/1990","1990","March","Heavy","41529.451612","261338.900288"
"03/01/1990","1990","March","Total","98963.542258","622763.419643"
"04/01/1990","1990","April","Light","44075.853333","277363.042180"
"04/01/1990","1990","April","Medium","25159.983333","158328.177239"
"04/01/1990","1990","April","Heavy","27522.606666","173195.828021"
"04/01/1990","1990","April","Total","96758.443333","608887.047439"
"05/01/1990","1990","May","Light","52806.803225","332305.661327"
"05/01/1990","1990","May","Medium","22015.180645","138538.383629"
"05/01/1990","1990","May","Heavy","33937.909677","213566.412479"
"05/01/1990","1990","May","Total","108759.893548","684410.457435"
"06/01/1990","1990","June","Light","46968.726666","295567.480385"
"06/01/1990","1990","June","Medium","26674.596666","167859.422356"
"06/01/1990","1990","June","Heavy","36377.680000","228919.538232"
"06/01/1990","1990","June","Total","110021.003333","692346.440973"
"07/01/1990","1990","July","Light","43427.480645","273282.925570"
"07/01/1990","1990","July","Medium","24665.000000","155213.317905"
"07/01/1990","1990","July","Heavy","35607.119354","224070.510282"
"07/01/1990","1990","July","Total","103699.600000","652566.753757"
"08/01/1990","1990","August","Light","50796.558064","319655.475992"
"08/01/1990","1990","August","Medium","25867.283870","162779.118378"
"08/01/1990","1990","August","Heavy","30261.441935","190430.926714"
"08/01/1990","1990","August","Total","106925.283870","672865.521084"
"09/01/1990","1990","September","Light","48131.436666","302884.248148"
"09/01/1990","1990","September","Medium","24058.960000","151399.594849"
"09/01/1990","1990","September","Heavy","32873.773333","206869.954637"
"09/01/1990","1990","September","Total","105064.170000","661153.797634"
"10/01/1990","1990","October","Light","46175.358064","290574.925224"
"10/01/1990","1990","October","Medium","23537.880645","148120.516983"
"10/01/1990","1990","October","Heavy","29909.745161","188217.749206"
"10/01/1990","1990","October","Total","99622.983870","626913.191413"
"11/01/1990","1990","November","Light","47288.213333","297577.964292"
"11/01/1990","1990","November","Medium","27876.323333","175421.716422"
"11/01/1990","1990","November","Heavy","37008.473333","232889.030475"
"11/01/1990","1990","November","Total","112173.010000","705888.711190"
"12/01/1990","1990","December","Light","50503.770967","317813.008661"
"12/01/1990","1990","December","Medium","28588.196774","179901.434188"
"12/01/1990","1990","December","Heavy","37429.945161","235541.292418"
"12/01/1990","1990","December","Total","116521.912903","733255.735266"
"01/01/1991","1991","January","Light","61383.141935","386275.334411"
"01/01/1991","1991","January","Medium","25386.948387","159756.435866"
"01/01/1991","1991","January","Heavy","40759.351612","256492.771113"
"01/01/1991","1991","January","Total","127529.441935","802524.541390"
"02/01/1991","1991","February","Light","72046.117857","453375.917080"
"02/01/1991","1991","February","Medium","29980.382142","188662.257630"
"02/01/1991","1991","February","Heavy","42679.621428","268576.754464"
"02/01/1991","1991","February","Total","144706.121428","910614.929175"
"03/01/1991","1991","March","Light","63313.186129","398420.826524"
"03/01/1991","1991","March","Medium","24456.561290","153901.642912"
"03/01/1991","1991","March","Heavy","34978.764516","220116.363137"
"03/01/1991","1991","March","Total","122748.511935","772438.832573"
"04/01/1991","1991","April","Light","65916.250000","414801.535226"
"04/01/1991","1991","April","Medium","23511.990000","147957.590855"
"04/01/1991","1991","April","Heavy","35410.253333","222831.660560"
"04/01/1991","1991","April","Total","124838.493333","785590.786642"
"05/01/1991","1991","May","Light","64169.487096","403809.406063"
"05/01/1991","1991","May","Medium","28932.141935","182065.831904"
"05/01/1991","1991","May","Heavy","31231.361290","196534.490515"
"05/01/1991","1991","May","Total","124332.990322","782409.728482"
"06/01/1991","1991","June","Light","55198.216666","347354.484138"
"06/01/1991","1991","June","Medium","23376.080000","147102.328661"
"06/01/1991","1991","June","Heavy","34358.419333","216212.619611"
"06/01/1991","1991","June","Total","112932.716000","710669.432410"
"07/01/1991","1991","July","Light","52540.961290","330632.756043"
"07/01/1991","1991","July","Medium","21680.638709","136433.159069"
"07/01/1991","1991","July","Heavy","27229.800000","171353.237539"
"07/01/1991","1991","July","Total","101451.400000","638419.152650"
"08/01/1991","1991","August","Light","58089.403225","365548.307715"
"08/01/1991","1991","August","Medium","26757.161290","168378.989726"
"08/01/1991","1991","August","Heavy","32859.061290","206777.373854"
"08/01/1991","1991","August","Total","117705.625806","740704.671296"
"09/01/1991","1991","September","Light","60519.923333","380843.223188"
"09/01/1991","1991","September","Medium","21879.650000","137685.508660"
"09/01/1991","1991","September","Heavy","36803.386666","231598.449409"
"09/01/1991","1991","September","Total","119202.960000","750127.181257"
"10/01/1991","1991","October","Light","58256.893548","366602.300364"
"10/01/1991","1991","October","Medium","18919.148387","119055.495362"
"10/01/1991","1991","October","Heavy","33495.590322","210782.960031"
"10/01/1991","1991","October","Total","110671.632258","696440.755757"
"11/01/1991","1991","November","Light","63817.190000","401592.450812"
"11/01/1991","1991","November","Medium","29312.840000","184461.510384"
"11/01/1991","1991","November","Heavy","32039.646666","201620.914804"
"11/01/1991","1991","November","Total","125169.676666","787674.876000"
"12/01/1991","1991","December","Light","73580.206451","463029.717230"
"12/01/1991","1991","December","Medium","26247.258064","165170.241642"
"12/01/1991","1991","December","Heavy","33464.648387","210588.246855"
"12/01/1991","1991","December","Total","133292.112903","838788.205728"
"01/01/1992","1992","January","Light","73363.396774","461665.364934"
"01/01/1992","1992","January","Medium","30216.851612","190150.326190"
"01/01/1992","1992","January","Heavy","33580.429032","211316.837899"
"01/01/1992","1992","January","Total","137160.677419","863132.529023"
"02/01/1992","1992","February","Light","82446.065517","518821.300513"
"02/01/1992","1992","February","Medium","28227.410344","177631.056780"
"02/01/1992","1992","February","Heavy","25756.386206","162081.255237"
"02/01/1992","1992","February","Total","136429.862068","858533.612530"
"03/01/1992","1992","March","Light","79041.064516","497394.116128"
"03/01/1992","1992","March","Medium","26724.361290","168172.584016"
"03/01/1992","1992","March","Heavy","29687.474193","186819.029791"
"03/01/1992","1992","March","Total","135452.900000","852385.729935"
"04/01/1992","1992","April","Light","82904.960000","521709.057871"
"04/01/1992","1992","April","Medium","25105.766666","157986.999509"
"04/01/1992","1992","April","Heavy","33294.180000","209515.513672"
"04/01/1992","1992","April","Total","141304.906666","889211.571052"
"05/01/1992","1992","May","Light","71470.003225","449750.510090"
"05/01/1992","1992","May","Medium","24949.338709","157002.620745"
"05/01/1992","1992","May","Heavy","33279.012903","209420.069301"
"05/01/1992","1992","May","Total","129698.354838","816173.200135"
"06/01/1992","1992","June","Light","65715.726666","413539.670564"
"06/01/1992","1992","June","Medium","19650.970000","123660.744121"
"06/01/1992","1992","June","Heavy","29550.120000","185954.679493"
"06/01/1992","1992","June","Total","114916.816666","723155.094179"
"07/01/1992","1992","July","Light","70715.800000","445004.417041"
"07/01/1992","1992","July","Medium","25231.287096","158776.881626"
"07/01/1992","1992","July","Heavy","41043.687096","258282.053653"
"07/01/1992","1992","July","Total","136990.774193","862063.352319"
"08/01/1992","1992","August","Light","73836.261290","464641.033715"
"08/01/1992","1992","August","Medium","23806.877419","149813.275217"
"08/01/1992","1992","August","Heavy","34112.438709","214664.698721"
"08/01/1992","1992","August","Total","131755.577419","829119.007652"
"09/01/1992","1992","September","Light","78368.193333","493159.833995"
"09/01/1992","1992","September","Medium","28681.706666","180489.878569"
"09/01/1992","1992","September","Heavy","31422.603333","197737.949344"
"09/01/1992","1992","September","Total","138472.503333","871387.661909"
"10/01/1992","1992","October","Light","73656.435483","463509.415630"
"10/01/1992","1992","October","Medium","23981.167741","150910.059293"
"10/01/1992","1992","October","Heavy","33883.770967","213225.725321"
"10/01/1992","1992","October","Total","131521.374193","827645.200243"
"11/01/1992","1992","November","Light","79300.300000","499025.447957"
"11/01/1992","1992","November","Medium","24364.000000","153319.167948"
"11/01/1992","1992","November","Heavy","30783.726666","193717.589840"
"11/01/1992","1992","November","Total","134448.026666","846062.205746"
"12/01/1992","1992","December","Light","79490.483870","500222.247861"
"12/01/1992","1992","December","Medium","26089.235483","164175.828139"
"12/01/1992","1992","December","Heavy","33694.367741","212033.837905"
"12/01/1992","1992","December","Total","139274.087096","876431.913906"
"01/01/1993","1993","January","Light","79331.929032","499224.484934"
"01/01/1993","1993","January","Medium","23830.241935","149960.304775"
"01/01/1993","1993","January","Heavy","31519.380645","198346.955129"
"01/01/1993","1993","January","Total","134681.551612","847531.744838"
"02/01/1993","1993","February","Light","79402.350000","499667.634014"
"02/01/1993","1993","February","Medium","22612.496428","142297.206438"
"02/01/1993","1993","February","Heavy","33558.557142","211179.201226"
"02/01/1993","1993","February","Total","135573.403571","853144.041678"
"03/01/1993","1993","March","Light","72006.483870","453126.506073"
"03/01/1993","1993","March","Medium","22512.090322","141665.365171"
"03/01/1993","1993","March","Heavy","36955.454838","232555.392670"
"03/01/1993","1993","March","Total","131474.029032","827347.263914"
"04/01/1993","1993","April","Light","81600.943333","513503.067462"
"04/01/1993","1993","April","Medium","21065.550000","132562.493776"
"04/01/1993","1993","April","Heavy","28145.380000","177114.851551"
"04/01/1993","1993","April","Total","130811.873333","823180.412789"
"05/01/1993","1993","May","Light","87562.735483","551019.772929"
"05/01/1993","1993","May","Medium","22558.406451","141956.825948"
"05/01/1993","1993","May","Heavy","33640.983870","211697.900839"
"05/01/1993","1993","May","Total","143762.125806","904674.499716"
"06/01/1993","1993","June","Light","81857.300000","515116.283306"
"06/01/1993","1993","June","Medium","26096.006666","164218.438224"
"06/01/1993","1993","June","Heavy","38413.510000","241730.725298"
"06/01/1993","1993","June","Total","146366.816666","921065.446829"
"07/01/1993","1993","July","Light","89767.935483","564896.781185"
"07/01/1993","1993","July","Medium","27347.641935","172094.799987"
"07/01/1993","1993","July","Heavy","40903.825806","257401.926553"
"07/01/1993","1993","July","Total","158019.403225","994393.507725"
"08/01/1993","1993","August","Light","88154.887096","554746.098351"
"08/01/1993","1993","August","Medium","26861.316129","169034.421232"
"08/01/1993","1993","August","Heavy","39325.841935","247471.899705"
"08/01/1993","1993","August","Total","154342.045161","971252.419288"
"09/01/1993","1993","September","Light","89380.043333","562455.831350"
"09/01/1993","1993","September","Medium","28012.833333","176280.754332"
"09/01/1993","1993","September","Heavy","37358.973333","235094.676853"
"09/01/1993","1993","September","Total","154751.850000","973831.262535"
"10/01/1993","1993","October","Light","94433.616129","594257.242293"
"10/01/1993","1993","October","Medium","27460.458064","172804.735754"
"10/01/1993","1993","October","Heavy","37768.593548","237672.358291"
"10/01/1993","1993","October","Total","159662.667741","1004734.336339"
"11/01/1993","1993","November","Light","92189.960000","580138.235116"
"11/01/1993","1993","November","Medium","23786.863333","149687.329435"
"11/01/1993","1993","November","Heavy","39532.673333","248773.460114"
"11/01/1993","1993","November","Total","155509.496666","978599.024665"
"12/01/1993","1993","December","Light","88719.319354","558297.989837"
"12/01/1993","1993","December","Medium","25970.516129","163428.744216"
"12/01/1993","1993","December","Heavy","40262.425806","253365.688073"
"12/01/1993","1993","December","Total","154952.261290","975092.422127"
"01/01/1994","1994","January","Light","89776.970967","564953.640193"
"01/01/1994","1994","January","Medium","23493.129032","147838.901483"
"01/01/1994","1994","January","Heavy","39324.335483","247462.419820"
"01/01/1994","1994","January","Total","152594.435483","960254.961496"
"02/01/1994","1994","February","Light","94137.682142","592394.972036"
"02/01/1994","1994","February","Medium","24826.650000","156230.558239"
"02/01/1994","1994","February","Heavy","35519.596428","223519.741023"
"02/01/1994","1994","February","Total","154483.928571","972145.271298"
"03/01/1994","1994","March","Light","83287.948387","524119.149023"
"03/01/1994","1994","March","Medium","28244.190322","177736.650781"
"03/01/1994","1994","March","Heavy","39485.767741","248478.289935"
"03/01/1994","1994","March","Total","151017.906451","950334.089739"
"04/01/1994","1994","April","Light","84481.920000","531632.641645"
"04/01/1994","1994","April","Medium","26237.433333","165108.416014"
"04/01/1994","1994","April","Heavy","43448.686666","273416.372031"
"04/01/1994","1994","April","Total","154168.040000","970157.429690"
"05/01/1994","1994","May","Light","74389.158064","468120.334050"
"05/01/1994","1994","May","Medium","30026.703225","188953.749581"
"05/01/1994","1994","May","Heavy","42550.554838","267764.556871"
"05/01/1994","1994","May","Total","146966.416129","924838.640502"
"06/01/1994","1994","June","Light","78659.990000","494996.068691"
"06/01/1994","1994","June","Medium","27786.006666","174853.366554"
"06/01/1994","1994","June","Heavy","47385.980000","298193.195945"
"06/01/1994","1994","June","Total","153831.976666","968042.631191"
"07/01/1994","1994","July","Light","93614.519354","589102.783424"
"07/01/1994","1994","July","Medium","25384.067741","159738.308378"
"07/01/1994","1994","July","Heavy","38882.354838","244681.098823"
"07/01/1994","1994","July","Total","157880.941935","993522.190625"
"08/01/1994","1994","August","Light","92740.706451","583604.003779"
"08/01/1994","1994","August","Medium","30525.474193","192092.443957"
"08/01/1994","1994","August","Heavy","42452.145161","267145.278843"
"08/01/1994","1994","August","Total","165718.325806","1042841.726579"
"09/01/1994","1994","September","Light","94442.516666","594313.252103"
"09/01/1994","1994","September","Medium","27547.346666","173351.513303"
"09/01/1994","1994","September","Heavy","36337.856666","228668.935690"
"09/01/1994","1994","September","Total","158327.720000","996333.701096"
"10/01/1994","1994","October","Light","84148.783870","529536.263624"
"10/01/1994","1994","October","Medium","29040.106451","182745.237165"
"10/01/1994","1994","October","Heavy","40234.903225","253192.492409"
"10/01/1994","1994","October","Total","153423.793548","965473.993198"
"11/01/1994","1994","November","Light","100593.326666","633019.419868"
"11/01/1994","1994","November","Medium","29207.680000","183799.753542"
"11/01/1994","1994","November","Heavy","35923.913333","226064.049487"
"11/01/1994","1994","November","Total","165724.920000","1042883.222896"
"12/01/1994","1994","December","Light","98914.616129","622455.534510"
"12/01/1994","1994","December","Medium","30772.587096","193647.490120"
"12/01/1994","1994","December","Heavy","41703.506451","262434.202499"
"12/01/1994","1994","December","Total","171390.709677","1078537.227129"
"01/01/1995","1995","January","Light","91429.638709","575353.641962"
"01/01/1995","1995","January","Medium","31999.038709","201365.374737"
"01/01/1995","1995","January","Heavy","43679.441935","274868.481940"
"01/01/1995","1995","January","Total","167108.119354","1051587.498639"
"02/01/1995","1995","February","Light","78503.764285","494012.962612"
"02/01/1995","1995","February","Medium","31859.285714","200485.929122"
"02/01/1995","1995","February","Heavy","42195.614285","265530.966727"
"02/01/1995","1995","February","Total","152558.664285","960029.858461"
"03/01/1995","1995","March","Light","72882.925806","458641.829842"
"03/01/1995","1995","March","Medium","31016.829032","195184.469693"
"03/01/1995","1995","March","Heavy","40724.025806","256270.470864"
"03/01/1995","1995","March","Total","144623.780645","910096.770399"
"04/01/1995","1995","April","Light","97606.176666","614221.712080"
"04/01/1995","1995","April","Medium","31573.876666","198689.890799"
"04/01/1995","1995","April","Heavy","46354.666666","291703.288616"
"04/01/1995","1995","April","Total","175534.720000","1104614.891495"
"05/01/1995","1995","May","Light","96800.348387","609150.749950"
"05/01/1995","1995","May","Medium","30074.022580","189251.523515"
"05/01/1995","1995","May","Heavy","47637.109677","299773.519093"
"05/01/1995","1995","May","Total","174511.480645","1098175.792558"
"06/01/1995","1995","June","Light","94748.863333","596241.047869"
"06/01/1995","1995","June","Medium","31695.640000","199456.130043"
"06/01/1995","1995","June","Heavy","55468.006666","349052.234028"
"06/01/1995","1995","June","Total","181912.510000","1144749.411941"
"07/01/1995","1995","July","Light","86997.548387","547463.131351"
"07/01/1995","1995","July","Medium","33579.464516","211310.768337"
"07/01/1995","1995","July","Heavy","51932.367741","326802.963871"
"07/01/1995","1995","July","Total","172509.380645","1085576.863559"
"08/01/1995","1995","August","Light","88820.409677","558934.136781"
"08/01/1995","1995","August","Medium","34244.606451","215496.411421"
"08/01/1995","1995","August","Heavy","48226.712903","303483.807880"
"08/01/1995","1995","August","Total","171291.729032","1077914.356083"
"09/01/1995","1995","September","Light","80776.896666","508317.459627"
"09/01/1995","1995","September","Medium","32850.256666","206721.967617"
"09/01/1995","1995","September","Heavy","44713.293333","281374.360946"
"09/01/1995","1995","September","Total","158340.446666","996413.788189"
"10/01/1995","1995","October","Light","93661.019354","589395.401274"
"10/01/1995","1995","October","Medium","26472.674193","166588.753108"
"10/01/1995","1995","October","Heavy","51200.232258","322195.739967"
"10/01/1995","1995","October","Total","171333.925806","1078179.894349"
"11/01/1995","1995","November","Light","95150.156666","598766.329431"
"11/01/1995","1995","November","Medium","34717.197050","218470.356476"
"11/01/1995","1995","November","Heavy","45476.746666","286178.663599"
"11/01/1995","1995","November","Total","175344.100383","1103415.349506"
"12/01/1995","1995","December","Light","98183.254838","617853.182495"
"12/01/1995","1995","December","Medium","31531.290322","198421.901025"
"12/01/1995","1995","December","Heavy","51023.861290","321085.862688"
"12/01/1995","1995","December","Total","180738.406451","1137360.946208"
"01/01/1996","1996","January","Light","102533.306451","645227.435237"
"01/01/1996","1996","January","Medium","34357.480645","216206.712580"
"01/01/1996","1996","January","Heavy","53473.832258","336503.179642"
"01/01/1996","1996","January","Total","190364.619354","1197937.327459"
"02/01/1996","1996","February","Light","80284.937931","505221.633654"
"02/01/1996","1996","February","Medium","34249.062068","215524.449984"
"02/01/1996","1996","February","Heavy","46897.165517","295117.156305"
"02/01/1996","1996","February","Total","161431.165517","1015863.239943"
"03/01/1996","1996","March","Light","81329.741935","511796.435847"
"03/01/1996","1996","March","Medium","41132.509677","258841.001451"
"03/01/1996","1996","March","Heavy","47163.554838","296793.506212"
"03/01/1996","1996","March","Total","169625.806451","1067430.943510"
"04/01/1996","1996","April","Light","84815.786666","533733.616836"
"04/01/1996","1996","April","Medium","37095.820000","233438.690558"
"04/01/1996","1996","April","Heavy","44602.226666","280675.434295"
"04/01/1996","1996","April","Total","166513.833333","1047847.741689"
"05/01/1996","1996","May","Light","86445.964516","543992.092927"
"05/01/1996","1996","May","Medium","32626.829032","205315.969463"
"05/01/1996","1996","May","Heavy","49913.161290","314096.386418"
"05/01/1996","1996","May","Total","168985.954838","1063404.448808"
"06/01/1996","1996","June","Light","87299.983333","549366.311219"
"06/01/1996","1996","June","Medium","39627.476666","249370.043934"
"06/01/1996","1996","June","Heavy","59989.300000","377504.086430"
"06/01/1996","1996","June","Total","186916.760000","1176240.441583"
"07/01/1996","1996","July","Light","87379.112903","549864.262287"
"07/01/1996","1996","July","Medium","37996.396774","239105.891415"
"07/01/1996","1996","July","Heavy","52160.177419","328236.537595"
"07/01/1996","1996","July","Total","177535.687096","1117206.691297"
"08/01/1996","1996","August","Light","85952.800000","540888.679150"
"08/01/1996","1996","August","Medium","40416.270967","254333.813673"
"08/01/1996","1996","August","Heavy","47690.154838","300107.324708"
"08/01/1996","1996","August","Total","174059.225806","1095329.817531"
"09/01/1996","1996","September","Light","82525.516666","519321.275234"
"09/01/1996","1996","September","Medium","36793.050000","231533.402244"
"09/01/1996","1996","September","Heavy","41951.190000","263992.839650"
"09/01/1996","1996","September","Total","161269.756666","1014847.517128"
"10/01/1996","1996","October","Light","92994.787096","585202.896945"
"10/01/1996","1996","October","Medium","37546.932258","236277.475489"
"10/01/1996","1996","October","Heavy","52701.167741","331640.912333"
"10/01/1996","1996","October","Total","183242.887096","1153121.284767"
"11/01/1996","1996","November","Light","96851.273333","609471.213355"
"11/01/1996","1996","November","Medium","44753.346666","281626.410845"
"11/01/1996","1996","November","Heavy","60744.513333","382256.535941"
"11/01/1996","1996","November","Total","202349.133333","1273354.160141"
"12/01/1996","1996","December","Light","89178.467741","561187.344979"
"12/01/1996","1996","December","Medium","45535.945161","286551.191260"
"12/01/1996","1996","December","Heavy","63226.367741","397874.490829"
"12/01/1996","1996","December","Total","197940.780645","1245613.027068"
"01/01/1997","1997","January","Light","83339.712903","524444.895721"
"01/01/1997","1997","January","Medium","41203.277419","259286.332731"
"01/01/1997","1997","January","Heavy","66475.009677","418317.729974"
"01/01/1997","1997","January","Total","191018.000000","1202048.958426"
"02/01/1997","1997","February","Light","69573.950000","437818.918275"
"02/01/1997","1997","February","Medium","43740.189285","275250.756328"
"02/01/1997","1997","February","Heavy","66691.007142","419676.971136"
"02/01/1997","1997","February","Total","180005.146428","1132746.645739"
"03/01/1997","1997","March","Light","79447.212903","499949.949849"
"03/01/1997","1997","March","Medium","43285.622580","272390.233056"
"03/01/1997","1997","March","Heavy","54314.712903","341794.721296"
"03/01/1997","1997","March","Total","177047.548387","1114134.904201"
"04/01/1997","1997","April","Light","72085.143333","453621.498821"
"04/01/1997","1997","April","Medium","35389.876666","222703.433111"
"04/01/1997","1997","April","Heavy","58510.206666","368196.363594"
"04/01/1997","1997","April","Total","165985.226666","1044521.295526"
"05/01/1997","1997","May","Light","78375.109677","493203.357559"
"05/01/1997","1997","May","Medium","45717.364516","287692.837317"
"05/01/1997","1997","May","Heavy","66200.067741","416587.559690"
"05/01/1997","1997","May","Total","190292.541935","1197483.754567"
"06/01/1997","1997","June","Light","79822.183333","502309.585144"
"06/01/1997","1997","June","Medium","42357.060000","266546.921520"
"06/01/1997","1997","June","Heavy","66636.543333","419334.238171"
"06/01/1997","1997","June","Total","188815.786666","1188190.744836"
"07/01/1997","1997","July","Light","83627.058064","526253.117731"
"07/01/1997","1997","July","Medium","41896.741935","263650.205766"
"07/01/1997","1997","July","Heavy","67829.193548","426839.415425"
"07/01/1997","1997","July","Total","193352.993548","1216742.738922"
"08/01/1997","1997","August","Light","88541.506451","557179.038665"
"08/01/1997","1997","August","Medium","43460.538709","273490.955243"
"08/01/1997","1997","August","Heavy","71822.464516","451968.498588"
"08/01/1997","1997","August","Total","203824.509677","1282638.492495"
"09/01/1997","1997","September","Light","89340.016666","562203.949261"
"09/01/1997","1997","September","Medium","44659.360000","281034.966192"
"09/01/1997","1997","September","Heavy","70697.760000","444890.893900"
"09/01/1997","1997","September","Total","204697.136666","1288129.809353"
"10/01/1997","1997","October","Light","79265.338709","498805.441557"
"10/01/1997","1997","October","Medium","43890.129032","276194.305712"
"10/01/1997","1997","October","Heavy","64305.419354","404664.808325"
"10/01/1997","1997","October","Total","187460.887096","1179664.555593"
"11/01/1997","1997","November","Light","84574.520000","532215.360204"
"11/01/1997","1997","November","Medium","44485.986666","279943.952597"
"11/01/1997","1997","November","Heavy","80962.390000","509484.742648"
"11/01/1997","1997","November","Total","210022.896666","1321644.055449"
"12/01/1997","1997","December","Light","95114.019354","598538.922495"
"12/01/1997","1997","December","Medium","44254.619354","278487.991189"
"12/01/1997","1997","December","Heavy","90720.980645","570894.158100"
"12/01/1997","1997","December","Total","230089.619354","1447921.071784"
"01/01/1998","1998","January","Light","97909.077419","616127.823202"
"01/01/1998","1998","January","Medium","44354.661290","279117.540783"
"01/01/1998","1998","January","Heavy","86120.761290","541945.635531"
"01/01/1998","1998","January","Total","228384.500000","1437190.999517"
"02/01/1998","1998","February","Light","94662.867857","595699.890635"
"02/01/1998","1998","February","Medium","41011.867857","258081.819728"
"02/01/1998","1998","February","Heavy","89465.578571","562994.092372"
"02/01/1998","1998","February","Total","225140.314285","1416775.802735"
"03/01/1998","1998","March","Light","72097.174193","453697.207304"
"03/01/1998","1998","March","Medium","41085.841935","258547.328025"
"03/01/1998","1998","March","Heavy","83122.219354","523076.239923"
"03/01/1998","1998","March","Total","196305.235483","1235320.775251"
"04/01/1998","1998","April","Light","90960.813333","572403.390910"
"04/01/1998","1998","April","Medium","43150.076666","271537.262002"
"04/01/1998","1998","April","Heavy","83612.740000","526163.016198"
"04/01/1998","1998","April","Total","217723.630000","1370103.669111"
"05/01/1998","1998","May","Light","101076.670967","636061.036436"
"05/01/1998","1998","May","Medium","38763.912903","243935.760660"
"05/01/1998","1998","May","Heavy","77865.329032","489995.380858"
"05/01/1998","1998","May","Total","217705.912903","1369992.177954"
"06/01/1998","1998","June","Light","110497.756666","695346.581524"
"06/01/1998","1998","June","Medium","41795.250000","263011.531529"
"06/01/1998","1998","June","Heavy","75617.560000","475850.491769"
"06/01/1998","1998","June","Total","227910.566666","1434208.604822"
"07/01/1998","1998","July","Light","94076.788387","592011.776339"
"07/01/1998","1998","July","Medium","36403.067741","229079.299661"
"07/01/1998","1998","July","Heavy","89174.054838","561159.575210"
"07/01/1998","1998","July","Total","219653.910967","1382250.651211"
"08/01/1998","1998","August","Light","101776.342258","640463.967813"
"08/01/1998","1998","August","Medium","38216.045161","240488.107306"
"08/01/1998","1998","August","Heavy","76353.080645","480479.018009"
"08/01/1998","1998","August","Total","216345.468064","1361431.093128"
"09/01/1998","1998","September","Light","79846.963333","502465.522141"
"09/01/1998","1998","September","Medium","35772.033333","225108.290366"
"09/01/1998","1998","September","Heavy","71085.576666","447331.368726"
"09/01/1998","1998","September","Total","186704.573333","1174905.181233"
"10/01/1998","1998","October","Light","103505.138709","651343.036665"
"10/01/1998","1998","October","Medium","34991.741935","220198.028181"
"10/01/1998","1998","October","Heavy","75207.564516","473270.448818"
"10/01/1998","1998","October","Total","213704.445161","1344811.513664"
"11/01/1998","1998","November","Light","86943.993333","547126.117056"
"11/01/1998","1998","November","Medium","36244.856666","228083.699989"
"11/01/1998","1998","November","Heavy","74750.746666","470395.759417"
"11/01/1998","1998","November","Total","197939.596666","1245605.576461"
"12/01/1998","1998","December","Light","94134.541935","592375.211161"
"12/01/1998","1998","December","Medium","36878.941935","232073.907911"
"12/01/1998","1998","December","Heavy","72503.925806","456256.837039"
"12/01/1998","1998","December","Total","203517.409677","1280705.956110"
"01/01/1999","1999","January","Light","91099.205806","573274.274954"
"01/01/1999","1999","January","Medium","29036.674193","182723.638456"
"01/01/1999","1999","January","Heavy","68910.351612","433642.988520"
"01/01/1999","1999","January","Total","189046.231612","1189640.901929"
"02/01/1999","1999","February","Light","83796.591428","527319.966947"
"02/01/1999","1999","February","Medium","29616.267857","186370.938499"
"02/01/1999","1999","February","Heavy","70116.614285","441233.827024"
"02/01/1999","1999","February","Total","183529.473571","1154924.732470"
"03/01/1999","1999","March","Light","67781.977419","426542.291077"
"03/01/1999","1999","March","Medium","40690.654838","256060.472136"
"03/01/1999","1999","March","Heavy","69755.451612","438961.081970"
"03/01/1999","1999","March","Total","178228.083870","1121563.845184"
"04/01/1999","1999","April","Light","80639.960000","507455.736766"
"04/01/1999","1999","April","Medium","37792.970000","237825.755815"
"04/01/1999","1999","April","Heavy","68171.063333","428990.753095"
"04/01/1999","1999","April","Total","186603.993333","1174272.245676"
"05/01/1999","1999","May","Light","93171.193548","586312.997519"
"05/01/1999","1999","May","Medium","31313.941935","197054.158706"
"05/01/1999","1999","May","Heavy","72645.964516","457150.666327"
"05/01/1999","1999","May","Total","197131.100000","1240517.822553"
"06/01/1999","1999","June","Light","99640.218333","627021.645420"
"06/01/1999","1999","June","Medium","29433.250000","185219.233295"
"06/01/1999","1999","June","Heavy","79120.279333","497892.603645"
"06/01/1999","1999","June","Total","208193.747666","1310133.482360"
"07/01/1999","1999","July","Light","110477.483548","695219.005690"
"07/01/1999","1999","July","Medium","25903.867741","163009.335447"
"07/01/1999","1999","July","Heavy","73244.590322","460917.732924"
"07/01/1999","1999","July","Total","209625.941612","1319146.074060"
"08/01/1999","1999","August","Light","100526.658709","632599.887948"
"08/01/1999","1999","August","Medium","26557.303225","167121.311506"
"08/01/1999","1999","August","Heavy","71002.706451","446809.878313"
"08/01/1999","1999","August","Total","198086.668387","1246531.077766"
"09/01/1999","1999","September","Light","94357.615333","593778.980154"
"09/01/1999","1999","September","Medium","25186.380000","158494.287688"
"09/01/1999","1999","September","Heavy","66584.440000","419006.359345"
"09/01/1999","1999","September","Total","186128.435333","1171279.627186"
"10/01/1999","1999","October","Light","87662.144193","551645.337723"
"10/01/1999","1999","October","Medium","31373.003225","197425.822961"
"10/01/1999","1999","October","Heavy","72281.696774","454858.381517"
"10/01/1999","1999","October","Total","191316.844193","1203929.542201"
"11/01/1999","1999","November","Light","114208.178333","718695.734482"
"11/01/1999","1999","November","Medium","34656.876666","218090.768930"
"11/01/1999","1999","November","Heavy","82659.133333","520162.105811"
"11/01/1999","1999","November","Total","231524.188333","1456948.609223"
"12/01/1999","1999","December","Light","107809.088387","678427.176520"
"12/01/1999","1999","December","Medium","33123.512903","208441.530038"
"12/01/1999","1999","December","Heavy","86295.203225","543043.373686"
"12/01/1999","1999","December","Total","227227.804516","1429912.080244"
"01/01/2000","2000","January","Light","102222.652580","643272.534851"
"01/01/2000","2000","January","Medium","25889.087096","162916.322961"
"01/01/2000","2000","January","Heavy","90128.119354","567163.366779"
"01/01/2000","2000","January","Total","218239.859032","1373352.224590"
"02/01/2000","2000","February","Light","104746.208965","659152.914312"
"02/01/2000","2000","February","Medium","27786.637931","174857.339011"
"02/01/2000","2000","February","Heavy","81843.058620","515026.664343"
"02/01/2000","2000","February","Total","214375.905517","1349036.917666"
"03/01/2000","2000","March","Light","101307.220967","637511.854617"
"03/01/2000","2000","March","Medium","26496.022580","166735.681169"
"03/01/2000","2000","March","Heavy","91580.883870","576305.406134"
"03/01/2000","2000","March","Total","219384.127419","1380552.941920"
"04/01/2000","2000","April","Light","106013.969333","667130.749017"
"04/01/2000","2000","April","Medium","25062.350000","157713.784634"
"04/01/2000","2000","April","Heavy","78239.903333","492352.523370"
"04/01/2000","2000","April","Total","209316.222666","1317197.057021"
"05/01/2000","2000","May","Light","108433.832903","682358.604422"
"05/01/2000","2000","May","Medium","31567.764516","198651.427910"
"05/01/2000","2000","May","Heavy","97939.658064","616320.262829"
"05/01/2000","2000","May","Total","237941.255483","1497330.295160"
"06/01/2000","2000","June","Light","114142.314333","718281.261749"
"06/01/2000","2000","June","Medium","24274.980000","152758.977818"
"06/01/2000","2000","June","Heavy","93868.206666","590699.201400"
"06/01/2000","2000","June","Total","232285.501000","1461739.440966"
"07/01/2000","2000","July","Light","94025.696129","591690.260065"
"07/01/2000","2000","July","Medium","30742.296774","193456.877452"
"07/01/2000","2000","July","Heavy","87349.929032","549680.612360"
"07/01/2000","2000","July","Total","212117.921935","1334827.749877"
"08/01/2000","2000","August","Light","98057.051290","617059.001612"
"08/01/2000","2000","August","Medium","28718.390322","180720.723570"
"08/01/2000","2000","August","Heavy","84657.006451","532734.435648"
"08/01/2000","2000","August","Total","211432.448064","1330514.160830"
"09/01/2000","2000","September","Light","95258.566000","599448.533863"
"09/01/2000","2000","September","Medium","28253.120000","177792.843964"
"09/01/2000","2000","September","Heavy","80536.163333","506802.559185"
"09/01/2000","2000","September","Total","204047.849333","1284043.937012"
"10/01/2000","2000","October","Light","100041.921935","629549.508745"
"10/01/2000","2000","October","Medium","28734.948387","180824.921102"
"10/01/2000","2000","October","Heavy","90494.488709","569468.876738"
"10/01/2000","2000","October","Total","219271.359032","1379843.306586"
"11/01/2000","2000","November","Light","95753.910000","602565.662821"
"11/01/2000","2000","November","Medium","27360.973333","172178.692567"
"11/01/2000","2000","November","Heavy","93007.600000","585283.526713"
"11/01/2000","2000","November","Total","216122.483333","1360027.882102"
"12/01/2000","2000","December","Light","105556.113225","664249.526006"
"12/01/2000","2000","December","Medium","26521.125806","166893.652179"
"12/01/2000","2000","December","Heavy","103901.387096","653836.571102"
"12/01/2000","2000","December","Total","235978.626129","1484979.749286"
"01/01/2001","2001","January","Light","91520.170967","575923.348516"
"01/01/2001","2001","January","Medium","26806.412903","168688.923083"
"01/01/2001","2001","January","Heavy","96825.148387","609306.812804"
"01/01/2001","2001","January","Total","215151.732258","1353919.084402"
"02/01/2001","2001","February","Light","98519.175000","619967.080033"
"02/01/2001","2001","February","Medium","19389.610714","122016.047511"
"02/01/2001","2001","February","Heavy","100608.603571","633115.555245"
"02/01/2001","2001","February","Total","218517.389285","1375098.682788"
"03/01/2001","2001","March","Light","101181.589032","636721.270813"
"03/01/2001","2001","March","Medium","26179.419354","164743.342343"
"03/01/2001","2001","March","Heavy","95241.077419","599338.480726"
"03/01/2001","2001","March","Total","222602.085806","1400803.093882"
"04/01/2001","2001","April","Light","95875.903333","603333.349422"
"04/01/2001","2001","April","Medium","28748.213333","180908.395512"
"04/01/2001","2001","April","Heavy","105004.506666","660778.344809"
"04/01/2001","2001","April","Total","229628.623333","1445020.089744"
"05/01/2001","2001","May","Light","103831.631612","653397.609817"
"05/01/2001","2001","May","Medium","23680.009677","149014.914659"
"05/01/2001","2001","May","Heavy","98221.107419","618091.383372"
"05/01/2001","2001","May","Total","225732.748709","1420503.907847"
"06/01/2001","2001","June","Light","100613.010000","633143.284270"
"06/01/2001","2001","June","Medium","28300.953333","178093.852290"
"06/01/2001","2001","June","Heavy","97249.820000","611979.210536"
"06/01/2001","2001","June","Total","226163.783333","1423216.347096"
"07/01/2001","2001","July","Light","94673.175483","595764.755056"
"07/01/2001","2001","July","Medium","30696.900000","193171.202043"
"07/01/2001","2001","July","Heavy","86859.245161","546592.808928"
"07/01/2001","2001","July","Total","212229.320645","1335528.766027"
"08/01/2001","2001","August","Light","87716.793548","551989.238299"
"08/01/2001","2001","August","Medium","28571.629032","179797.175757"
"08/01/2001","2001","August","Heavy","89666.790322","564260.289149"
"08/01/2001","2001","August","Total","205955.212903","1296046.703205"
"09/01/2001","2001","September","Light","93476.809000","588236.191853"
"09/01/2001","2001","September","Medium","29173.913333","183587.264737"
"09/01/2001","2001","September","Heavy","85512.860000","538120.199641"
"09/01/2001","2001","September","Total","208163.582333","1309943.656231"
"10/01/2001","2001","October","Light","103971.894193","654280.262179"
"10/01/2001","2001","October","Medium","28372.632258","178544.917514"
"10/01/2001","2001","October","Heavy","94631.777419","595504.242956"
"10/01/2001","2001","October","Total","226976.303870","1428329.422649"
"11/01/2001","2001","November","Light","106321.585000","669066.530418"
"11/01/2001","2001","November","Medium","29692.556666","186851.013068"
"11/01/2001","2001","November","Heavy","98998.273333","622981.977334"
"11/01/2001","2001","November","Total","235012.415000","1478899.520820"
"12/01/2001","2001","December","Light","95155.596129","598800.559190"
"12/01/2001","2001","December","Medium","29459.945161","185387.222128"
"12/01/2001","2001","December","Heavy","99281.258064","624762.759780"
"12/01/2001","2001","December","Total","223896.799354","1408950.541098"
"01/01/2002","2002","January","Light","99208.176451","624302.867641"
"01/01/2002","2002","January","Medium","30015.896774","188885.746127"
"01/01/2002","2002","January","Heavy","88019.861290","553896.400260"
"01/01/2002","2002","January","Total","217243.934516","1367085.014027"
"02/01/2002","2002","February","Light","92176.815714","580055.520005"
"02/01/2002","2002","February","Medium","29878.717857","188022.498818"
"02/01/2002","2002","February","Heavy","85945.982142","540845.775350"
"02/01/2002","2002","February","Total","208001.515714","1308923.794173"
"03/01/2002","2002","March","Light","97406.397741","612964.531875"
"03/01/2002","2002","March","Medium","31041.245161","195338.116902"
"03/01/2002","2002","March","Heavy","88009.803225","553833.106298"
"03/01/2002","2002","March","Total","216457.446129","1362135.755075"
"04/01/2002","2002","April","Light","92011.816333","579017.202496"
"04/01/2002","2002","April","Medium","33732.403333","212273.190443"
"04/01/2002","2002","April","Heavy","101556.923333","639083.195897"
"04/01/2002","2002","April","Total","227301.143000","1430373.588836"
"05/01/2002","2002","May","Light","111955.699032","704521.204345"
"05/01/2002","2002","May","Medium","30595.806451","192535.034800"
"05/01/2002","2002","May","Heavy","103358.477419","650420.118138"
"05/01/2002","2002","May","Total","245909.982903","1547476.357282"
"06/01/2002","2002","June","Light","97094.553666","611002.141703"
"06/01/2002","2002","June","Medium","26205.310000","164906.268471"
"06/01/2002","2002","June","Heavy","111505.986666","701691.228737"
"06/01/2002","2002","June","Total","234805.850333","1477599.638911"
"07/01/2002","2002","July","Light","100732.757096","633896.835626"
"07/01/2002","2002","July","Medium","30103.864516","189439.314547"
"07/01/2002","2002","July","Heavy","90769.712903","571200.823231"
"07/01/2002","2002","July","Total","221606.334516","1394536.973404"
"08/01/2002","2002","August","Light","96696.602903","608497.894456"
"08/01/2002","2002","August","Medium","30708.377741","193243.429832"
"08/01/2002","2002","August","Heavy","100249.945161","630858.569158"
"08/01/2002","2002","August","Total","227654.925806","1432599.893446"
"09/01/2002","2002","September","Light","99115.031666","623716.720829"
"09/01/2002","2002","September","Medium","29592.393333","186220.699534"
"09/01/2002","2002","September","Heavy","107094.693333","673931.590606"
"09/01/2002","2002","September","Total","235802.118333","1483869.010969"
"10/01/2002","2002","October","Light","107446.827419","676147.520054"
"10/01/2002","2002","October","Medium","28454.351612","179059.165728"
"10/01/2002","2002","October","Heavy","97089.219354","610968.573642"
"10/01/2002","2002","October","Total","232990.398387","1466175.259423"
"11/01/2002","2002","November","Light","107723.929666","677891.284870"
"11/01/2002","2002","November","Medium","29577.856666","186129.222370"
"11/01/2002","2002","November","Heavy","112662.106666","708966.526572"
"11/01/2002","2002","November","Total","249963.893000","1572987.033812"
"12/01/2002","2002","December","Light","113678.758709","715364.172498"
"12/01/2002","2002","December","Medium","29998.029032","188773.306982"
"12/01/2002","2002","December","Heavy","110083.393548","692739.053675"
"12/01/2002","2002","December","Total","253760.181290","1596876.533154"
"01/01/2003","2003","January","Light","95415.337419","600435.073987"
"01/01/2003","2003","January","Medium","27828.138709","175118.497476"
"01/01/2003","2003","January","Heavy","102468.993548","644822.723334"
"01/01/2003","2003","January","Total","225712.469677","1420376.294797"
"02/01/2003","2003","February","Light","90241.288214","567875.522228"
"02/01/2003","2003","February","Medium","32162.846428","202396.193288"
"02/01/2003","2003","February","Heavy","94999.203571","597816.403189"
"02/01/2003","2003","February","Total","217403.338214","1368088.118705"
"03/01/2003","2003","March","Light","99679.534193","627269.054507"
"03/01/2003","2003","March","Medium","29013.993548","182580.912399"
"03/01/2003","2003","March","Heavy","114448.492903","720207.999706"
"03/01/2003","2003","March","Total","243142.020645","1530057.966611"
"04/01/2003","2003","April","Light","78418.756333","493478.019724"
"04/01/2003","2003","April","Medium","21774.695000","137025.041854"
"04/01/2003","2003","April","Heavy","113100.060000","711722.504271"
"04/01/2003","2003","April","Total","213293.511333","1342225.565849"
"05/01/2003","2003","May","Light","95400.472903","600341.533712"
"05/01/2003","2003","May","Medium","26347.580322","165801.555266"
"05/01/2003","2003","May","Heavy","111192.316129","699717.344899"
"05/01/2003","2003","May","Total","232940.369354","1465860.433877"
"06/01/2003","2003","June","Light","99489.671333","626074.274678"
"06/01/2003","2003","June","Medium","36388.414666","228987.089954"
"06/01/2003","2003","June","Heavy","111605.586666","702317.997294"
"06/01/2003","2003","June","Total","247483.672666","1557379.361926"
"07/01/2003","2003","July","Light","94236.082258","593014.189890"
"07/01/2003","2003","July","Medium","31674.319354","199321.962272"
"07/01/2003","2003","July","Heavy","119538.896774","752241.183338"
"07/01/2003","2003","July","Total","245449.298387","1544577.335500"
"08/01/2003","2003","August","Light","119792.008064","753833.976493"
"08/01/2003","2003","August","Medium","27330.275161","171985.513361"
"08/01/2003","2003","August","Heavy","107551.030645","676803.256053"
"08/01/2003","2003","August","Total","254673.313870","1602622.745906"
"09/01/2003","2003","September","Light","116446.225333","732779.444212"
"09/01/2003","2003","September","Medium","27589.717666","173618.147947"
"09/01/2003","2003","September","Heavy","112050.834000","705119.875093"
"09/01/2003","2003","September","Total","256086.777000","1611517.467252"
"10/01/2003","2003","October","Light","124376.388064","782682.824267"
"10/01/2003","2003","October","Medium","27124.200645","170688.715899"
"10/01/2003","2003","October","Heavy","116743.330322","734649.083424"
"10/01/2003","2003","October","Total","268243.919032","1688020.623590"
"11/01/2003","2003","November","Light","102904.226333","647561.581011"
"11/01/2003","2003","November","Medium","30155.107666","189761.780366"
"11/01/2003","2003","November","Heavy","125628.372000","790561.380139"
"11/01/2003","2003","November","Total","258687.706000","1627884.741516"
"12/01/2003","2003","December","Light","98572.190645","620300.699907"
"12/01/2003","2003","December","Medium","23890.665483","150340.541525"
"12/01/2003","2003","December","Heavy","135001.716129","849546.494355"
"12/01/2003","2003","December","Total","257464.572258","1620187.735786"
"01/01/2004","2004","January","Light","106767.975483","671875.601900"
"01/01/2004","2004","January","Medium","6605.280645","41566.086545"
"01/01/2004","2004","January","Heavy","130602.925806","821865.535882"
"01/01/2004","2004","January","Total","243976.181935","1535307.224326"
"02/01/2004","2004","February","Light","110008.779310","692269.516945"
"02/01/2004","2004","February","Medium","11165.170344","70260.820361"
"02/01/2004","2004","February","Heavy","121420.972413","764084.816201"
"02/01/2004","2004","February","Total","242594.922068","1526615.153506"
"03/01/2004","2004","March","Light","97038.409032","610648.831548"
"03/01/2004","2004","March","Medium","9432.996774","59360.499781"
"03/01/2004","2004","March","Heavy","130216.302903","819432.573239"
"03/01/2004","2004","March","Total","236687.708709","1489441.904568"
"04/01/2004","2004","April","Light","102766.757333","646696.508252"
"04/01/2004","2004","April","Medium","8895.600000","55978.738729"
"04/01/2004","2004","April","Heavy","143377.366000","902253.261275"
"04/01/2004","2004","April","Total","255039.723333","1604928.508256"
"05/01/2004","2004","May","Light","128934.628064","811367.176758"
"05/01/2004","2004","May","Medium","7300.909677","45943.580570"
"05/01/2004","2004","May","Heavy","142719.263225","898111.914625"
"05/01/2004","2004","May","Total","278954.800967","1755422.671953"
"06/01/2004","2004","June","Light","122789.359000","772695.877309"
"06/01/2004","2004","June","Medium","9525.083333","59939.987330"
"06/01/2004","2004","June","Heavy","145980.289666","918633.087691"
"06/01/2004","2004","June","Total","278294.732000","1751268.952329"
"07/01/2004","2004","July","Light","136036.957096","856061.117725"
"07/01/2004","2004","July","Medium","7817.035483","49191.486464"
"07/01/2004","2004","July","Heavy","141848.783870","892634.112524"
"07/01/2004","2004","July","Total","285702.776451","1797886.716713"
"08/01/2004","2004","August","Light","108905.942580","685329.523110"
"08/01/2004","2004","August","Medium","6255.409677","39364.398576"
"08/01/2004","2004","August","Heavy","135265.819354","851208.458188"
"08/01/2004","2004","August","Total","250427.171612","1575902.379874"
"09/01/2004","2004","September","Light","115348.133333","725869.308284"
"09/01/2004","2004","September","Medium","7228.156666","45485.756277"
"09/01/2004","2004","September","Heavy","133172.500000","838035.498833"
"09/01/2004","2004","September","Total","255748.790000","1609390.563393"
"10/01/2004","2004","October","Light","105716.803870","665260.729257"
"10/01/2004","2004","October","Medium","7095.854838","44653.199793"
"10/01/2004","2004","October","Heavy","139064.258064","875111.489811"
"10/01/2004","2004","October","Total","251876.916774","1585025.418861"
"11/01/2004","2004","November","Light","115075.681000","724154.804711"
"11/01/2004","2004","November","Medium","6273.401000","39477.615397"
"11/01/2004","2004","November","Heavy","142298.193666","895462.184103"
"11/01/2004","2004","November","Total","263647.275666","1659094.604210"
"12/01/2004","2004","December","Light","103664.576451","652346.355576"
"12/01/2004","2004","December","Medium","7815.583225","49182.347612"
"12/01/2004","2004","December","Heavy","151929.051612","956067.795946"
"12/01/2004","2004","December","Total","263409.211290","1657596.499133"
"01/01/2005","2005","January","Light","75902.451935","477643.275979"
"01/01/2005","2005","January","Medium","16483.532258","103728.511355"
"01/01/2005","2005","January","Heavy","145992.838709","918712.057024"
"01/01/2005","2005","January","Total","238378.822903","1500083.844358"
"02/01/2005","2005","February","Light","83087.090000","522855.175916"
"02/01/2005","2005","February","Medium","16602.914285","104479.765383"
"02/01/2005","2005","February","Heavy","136865.075000","861272.345269"
"02/01/2005","2005","February","Total","236555.079285","1488607.286569"
"03/01/2005","2005","March","Light","68671.613870","432140.646049"
"03/01/2005","2005","March","Medium","17079.545161","107479.135325"
"03/01/2005","2005","March","Heavy","145111.100000","913163.401413"
"03/01/2005","2005","March","Total","230862.259032","1452783.182787"
"04/01/2005","2005","April","Light","75845.475000","477284.728272"
"04/01/2005","2005","April","Medium","18255.426666","114878.789487"
"04/01/2005","2005","April","Heavy","152258.193666","958139.039823"
"04/01/2005","2005","April","Total","246359.095333","1550302.557582"
"05/01/2005","2005","May","Light","99545.633548","626426.436894"
"05/01/2005","2005","May","Medium","21165.512903","133191.546032"
"05/01/2005","2005","May","Heavy","158121.329032","995034.912250"
"05/01/2005","2005","May","Total","278832.475483","1754652.895176"
"06/01/2005","2005","June","Light","86574.675666","544802.053792"
"06/01/2005","2005","June","Medium","22634.696666","142436.909362"
"06/01/2005","2005","June","Heavy","151481.703333","953252.697193"
"06/01/2005","2005","June","Total","260691.075666","1640491.660347"
"07/01/2005","2005","July","Light","88791.401935","558751.595210"
"07/01/2005","2005","July","Medium","17660.919354","111137.639989"
"07/01/2005","2005","July","Heavy","146946.777419","924715.056911"
"07/01/2005","2005","July","Total","253399.098709","1594604.292109"
"08/01/2005","2005","August","Light","92433.138064","581668.519901"
"08/01/2005","2005","August","Medium","20232.054838","127317.427916"
"08/01/2005","2005","August","Heavy","136079.825806","856330.884385"
"08/01/2005","2005","August","Total","248745.018709","1565316.832202"
"09/01/2005","2005","September","Light","91351.715300","574863.281088"
"09/01/2005","2005","September","Medium","17923.020000","112787.001868"
"09/01/2005","2005","September","Heavy","151979.677666","956386.378462"
"09/01/2005","2005","September","Total","261254.412966","1644036.661418"
"10/01/2005","2005","October","Light","94183.057096","592680.510133"
"10/01/2005","2005","October","Medium","18265.916129","114944.798174"
"10/01/2005","2005","October","Heavy","150187.786451","945110.263287"
"10/01/2005","2005","October","Total","262636.759677","1652735.571593"
"11/01/2005","2005","November","Light","107754.831800","678085.747576"
"11/01/2005","2005","November","Medium","18850.330000","118622.431093"
"11/01/2005","2005","November","Heavy","153722.540000","967353.961897"
"11/01/2005","2005","November","Total","280327.701800","1764062.140566"
"12/01/2005","2005","December","Light","130060.790967","818453.958867"
"12/01/2005","2005","December","Medium","18774.716129","118146.603816"
"12/01/2005","2005","December","Heavy","157162.051612","988998.316627"
"12/01/2005","2005","December","Total","305997.558709","1925598.879309"
"01/01/2006","2006","January","Light","105663.363870","664924.438979"
"01/01/2006","2006","January","Medium","7497.132258","47178.381210"
"01/01/2006","2006","January","Heavy","165212.677419","1039659.753587"
"01/01/2006","2006","January","Total","278373.173548","1751762.573776"
"02/01/2006","2006","February","Light","118582.673214","746223.805215"
"02/01/2006","2006","February","Medium","7244.496428","45588.580062"
"02/01/2006","2006","February","Heavy","162214.019285","1020789.626760"
"02/01/2006","2006","February","Total","288041.188928","1812602.012037"
"03/01/2006","2006","March","Light","107388.047419","675777.625919"
"03/01/2006","2006","March","Medium","8185.567741","51510.607264"
"03/01/2006","2006","March","Heavy","160683.368709","1011157.461568"
"03/01/2006","2006","March","Total","276256.983870","1738445.694751"
"04/01/2006","2006","April","Light","116858.201000","735371.948170"
"04/01/2006","2006","April","Medium","10965.783333","69006.106410"
"04/01/2006","2006","April","Heavy","158006.566666","994312.729094"
"04/01/2006","2006","April","Total","285830.551000","1798690.783674"
"05/01/2006","2006","May","Light","111651.456451","702606.649292"
"05/01/2006","2006","May","Medium","7575.219354","47669.772144"
"05/01/2006","2006","May","Heavy","153438.382258","965565.797861"
"05/01/2006","2006","May","Total","272665.058064","1715842.219297"
"06/01/2006","2006","June","Light","102287.381000","643679.861538"
"06/01/2006","2006","June","Medium","11229.900000","70668.154824"
"06/01/2006","2006","June","Heavy","162771.476666","1024297.626342"
"06/01/2006","2006","June","Total","276288.757666","1738645.642704"
"07/01/2006","2006","July","Light","96672.341290","608345.219595"
"07/01/2006","2006","July","Medium","9432.067741","59354.653514"
"07/01/2006","2006","July","Heavy","162964.435483","1025511.888586"
"07/01/2006","2006","July","Total","269068.844516","1693211.761695"
"08/01/2006","2006","August","Light","109068.836774","686354.592976"
"08/01/2006","2006","August","Medium","10217.674193","64298.362573"
"08/01/2006","2006","August","Heavy","163359.301612","1027996.724670"
"08/01/2006","2006","August","Total","282645.812580","1778649.680219"
"09/01/2006","2006","September","Light","113500.208333","714240.580512"
"09/01/2006","2006","September","Medium","10190.346666","64126.394354"
"09/01/2006","2006","September","Heavy","150112.433333","944636.076889"
"09/01/2006","2006","September","Total","273802.988333","1723003.051754"
"10/01/2006","2006","October","Light","132178.519354","831780.520772"
"10/01/2006","2006","October","Medium","11653.303225","73332.570778"
"10/01/2006","2006","October","Heavy","154404.987096","971648.503887"
"10/01/2006","2006","October","Total","298236.809677","1876761.595436"
"11/01/2006","2006","November","Light","138850.696666","873767.578474"
"11/01/2006","2006","November","Medium","9855.553333","62019.587783"
"11/01/2006","2006","November","Heavy","172557.466000","1085879.457820"
"11/01/2006","2006","November","Total","321263.716000","2021666.624077"
"12/01/2006","2006","December","Light","121293.832258","763284.741382"
"12/01/2006","2006","December","Medium","8864.059032","55780.255930"
"12/01/2006","2006","December","Heavy","174173.133548","1096046.622662"
"12/01/2006","2006","December","Total","304331.024838","1915111.619973"
"01/01/2007","2007","January","Light","111844.349354","703820.496748"
"01/01/2007","2007","January","Medium","12997.434193","81790.994747"
"01/01/2007","2007","January","Heavy","171741.843548","1080746.862366"
"01/01/2007","2007","January","Total","296583.627096","1866358.353861"
"02/01/2007","2007","February","Light","120349.787500","757344.002718"
"02/01/2007","2007","February","Medium","10508.713571","66129.831759"
"02/01/2007","2007","February","Heavy","171231.076071","1077532.675674"
"02/01/2007","2007","February","Total","302089.577142","1901006.510150"
"03/01/2007","2007","March","Light","96581.256451","607772.035730"
"03/01/2007","2007","March","Medium","13040.483870","82061.900211"
"03/01/2007","2007","March","Heavy","152065.607419","956927.122108"
"03/01/2007","2007","March","Total","261687.347741","1646761.058049"
"04/01/2007","2007","April","Light","115915.860666","729441.935207"
"04/01/2007","2007","April","Medium","9322.210000","58663.334454"
"04/01/2007","2007","April","Heavy","148865.359666","936788.420636"
"04/01/2007","2007","April","Total","274103.430333","1724893.690297"
"05/01/2007","2007","May","Light","119772.223709","753709.476377"
"05/01/2007","2007","May","Medium","12290.438709","77341.973267"
"05/01/2007","2007","May","Heavy","152517.592580","959771.400094"
"05/01/2007","2007","May","Total","284580.255000","1790822.849739"
"06/01/2007","2007","June","Light","109381.069666","688319.429919"
"06/01/2007","2007","June","Medium","12204.800000","76803.061114"
"06/01/2007","2007","June","Heavy","164202.499666","1033302.849445"
"06/01/2007","2007","June","Total","285788.369333","1798425.340478"
"07/01/2007","2007","July","Light","104765.864516","659276.603881"
"07/01/2007","2007","July","Medium","12184.129032","76672.981670"
"07/01/2007","2007","July","Heavy","169359.145161","1065752.882142"
"07/01/2007","2007","July","Total","286309.138709","1801702.467693"
"08/01/2007","2007","August","Light","123278.290322","775772.652204"
"08/01/2007","2007","August","Medium","11771.538709","74076.609770"
"08/01/2007","2007","August","Heavy","155420.712903","978040.321138"
"08/01/2007","2007","August","Total","290470.541935","1827889.583113"
"09/01/2007","2007","September","Light","121896.073333","767074.558348"
"09/01/2007","2007","September","Medium","10144.003333","63834.762384"
"09/01/2007","2007","September","Heavy","162900.380000","1025108.796586"
"09/01/2007","2007","September","Total","294940.456666","1856018.117318"
"10/01/2007","2007","October","Light","112915.854838","710563.327533"
"10/01/2007","2007","October","Medium","6027.948387","37933.017203"
"10/01/2007","2007","October","Heavy","157247.374193","989535.239425"
"10/01/2007","2007","October","Total","276191.177419","1738031.584162"
"11/01/2007","2007","November","Light","111197.044333","699747.098812"
"11/01/2007","2007","November","Medium","8208.016666","51651.875137"
"11/01/2007","2007","November","Heavy","174279.557333","1096716.332322"
"11/01/2007","2007","November","Total","293684.618333","1848115.306271"
"12/01/2007","2007","December","Light","102820.483870","647034.601671"
"12/01/2007","2007","December","Medium","7035.890322","44275.851668"
"12/01/2007","2007","December","Heavy","168368.341935","1059517.899127"
"12/01/2007","2007","December","Total","278224.716129","1750828.352466"
"01/01/2008","2008","January","Light","108904.629032","685321.257138"
"01/01/2008","2008","January","Heavy","172970.383548","1088477.888905"
"01/01/2008","2008","January","Total","281875.012580","1773799.146043"
"02/01/2008","2008","February","Light","106440.803448","669816.755065"
"02/01/2008","2008","February","Heavy","182202.182758","1146572.281188"
"02/01/2008","2008","February","Total","288642.986206","1816389.036253"
"03/01/2008","2008","March","Light","99549.858064","626453.021170"
"03/01/2008","2008","March","Heavy","174269.247096","1096651.451478"
"03/01/2008","2008","March","Total","273819.105161","1723104.472648"
"04/01/2008","2008","April","Light","118092.286666","743137.872796"
"04/01/2008","2008","April","Medium","665.226666","4186.176286"
"04/01/2008","2008","April","Heavy","169039.613333","1063742.114042"
"04/01/2008","2008","April","Total","287797.126666","1811066.163124"
"05/01/2008","2008","May","Light","105172.822580","661837.532786"
"05/01/2008","2008","May","Heavy","174047.048387","1095253.186772"
"05/01/2008","2008","May","Total","279219.870967","1757090.719558"
"06/01/2008","2008","June","Light","112073.180000","705260.495275"
"06/01/2008","2008","June","Heavy","172737.853333","1087014.609514"
"06/01/2008","2008","June","Total","284811.033333","1792275.104789"
"07/01/2008","2008","July","Light","118552.893548","746036.406036"
"07/01/2008","2008","July","Heavy","148321.367741","933365.157244"
"07/01/2008","2008","July","Total","266874.261290","1679401.563281"
"08/01/2008","2008","August","Light","133263.903225","838610.686262"
"08/01/2008","2008","August","Medium","74.351612","467.884068"
"08/01/2008","2008","August","Heavy","164156.874193","1033015.734867"
"08/01/2008","2008","August","Total","297495.129032","1872094.305197"
"09/01/2008","2008","September","Light","128950.000000","811463.910150"
"09/01/2008","2008","September","Medium","257.060000","1617.641820"
"09/01/2008","2008","September","Heavy","154114.153333","969818.328603"
"09/01/2008","2008","September","Total","283321.213333","1782899.880573"
"10/01/2008","2008","October","Light","126040.358064","793153.949529"
"10/01/2008","2008","October","Medium","0.061290","0.385691"
"10/01/2008","2008","October","Heavy","161984.545161","1019345.578910"
"10/01/2008","2008","October","Total","288024.964516","1812499.914130"
"11/01/2008","2008","November","Light","137639.513333","866145.774956"
"11/01/2008","2008","November","Medium","329.053333","2070.685572"
"11/01/2008","2008","November","Heavy","162609.710000","1023279.651841"
"11/01/2008","2008","November","Total","300578.276666","1891496.112370"
"12/01/2008","2008","December","Light","115026.203225","723843.448153"
"12/01/2008","2008","December","Medium","183.219354","1152.973200"
"12/01/2008","2008","December","Heavy","173151.674193","1089618.725011"
"12/01/2008","2008","December","Total","288361.096774","1814615.146363"
"01/01/2009","2009","January","Light","117302.419354","738167.350754"
"01/01/2009","2009","January","Medium","343.454838","2161.312186"
"01/01/2009","2009","January","Heavy","162226.880645","1020870.561456"
"01/01/2009","2009","January","Total","279872.754838","1761199.224396"
"02/01/2009","2009","February","Light","108520.010714","682900.909063"
"02/01/2009","2009","February","Medium","696.353571","4382.053446"
"02/01/2009","2009","February","Heavy","172336.707142","1084490.253901"
"02/01/2009","2009","February","Total","281553.071428","1771773.216411"
"03/01/2009","2009","March","Light","97568.170967","613982.547652"
"03/01/2009","2009","March","Medium","746.803225","4699.525907"
"03/01/2009","2009","March","Heavy","178504.429032","1123302.845767"
"03/01/2009","2009","March","Total","276819.403225","1741984.919325"
"04/01/2009","2009","April","Light","116625.996666","733910.719506"
"04/01/2009","2009","April","Medium","420.856666","2648.390821"
"04/01/2009","2009","April","Heavy","169788.093333","1068452.191649"
"04/01/2009","2009","April","Total","286834.946666","1805011.301976"
"05/01/2009","2009","May","Light","101128.241935","636385.565161"
"05/01/2009","2009","May","Medium","366.706451","2307.631261"
"05/01/2009","2009","May","Heavy","160706.896774","1011305.520314"
"05/01/2009","2009","May","Total","262201.845161","1649998.716736"
"06/01/2009","2009","June","Light","124118.766666","781061.649650"
"06/01/2009","2009","June","Heavy","180561.390000","1136247.006991"
"06/01/2009","2009","June","Total","304680.156666","1917308.656641"
"07/01/2009","2009","July","Light","136759.112903","860605.540947"
"07/01/2009","2009","July","Heavy","178949.774193","1126105.339182"
"07/01/2009","2009","July","Total","315708.887096","1986710.880129"
"08/01/2009","2009","August","Light","126462.080645","795807.789422"
"08/01/2009","2009","August","Heavy","172297.735483","1084245.010824"
"08/01/2009","2009","August","Total","298759.816129","1880052.800246"
"09/01/2009","2009","September","Light","137638.403333","866138.789885"
"09/01/2009","2009","September","Medium","441.540000","2778.548080"
"09/01/2009","2009","September","Heavy","162635.446666","1023441.609004"
"09/01/2009","2009","September","Total","300715.390000","1892358.946969"
"10/01/2009","2009","October","Light","115292.980645","725522.240304"
"10/01/2009","2009","October","Medium","527.774193","3321.207528"
"10/01/2009","2009","October","Heavy","159791.729032","1005546.500583"
"10/01/2009","2009","October","Total","275612.483870","1734389.948415"
"11/01/2009","2009","November","Light","143950.830000","905861.988221"
"11/01/2009","2009","November","Medium","307.746666","1936.605766"
"11/01/2009","2009","November","Heavy","167810.316666","1056006.325908"
"11/01/2009","2009","November","Total","312068.893333","1963804.919895"
"12/01/2009","2009","December","Light","135034.525806","849752.960963"
"12/01/2009","2009","December","Medium","271.864516","1710.804523"
"12/01/2009","2009","December","Heavy","173058.654838","1089033.367512"
"12/01/2009","2009","December","Total","308365.045161","1940497.132999"
"01/01/2010","2010","January","Light","109532.735483","689273.841219"
"01/01/2010","2010","January","Medium","222.954838","1403.022917"
"01/01/2010","2010","January","Heavy","163376.500000","1028104.951661"
"01/01/2010","2010","January","Total","273132.190322","1718781.815797"
"02/01/2010","2010","February","Light","95609.000000","601653.764913"
"02/01/2010","2010","February","Medium","416.142857","2618.727492"
"02/01/2010","2010","February","Heavy","189492.946428","1192452.014384"
"02/01/2010","2010","February","Total","285518.089285","1796724.506788"
"03/01/2010","2010","March","Light","102605.258064","645680.216448"
"03/01/2010","2010","March","Heavy","177413.023548","1116434.787128"
"03/01/2010","2010","March","Total","280018.281612","1762115.003576"
"04/01/2010","2010","April","Light","113159.736666","712098.041001"
"04/01/2010","2010","April","Medium","332.786666","2094.178905"
"04/01/2010","2010","April","Heavy","200237.840666","1260068.097304"
"04/01/2010","2010","April","Total","313730.364000","1974260.317210"
"05/01/2010","2010","May","Light","134591.974193","846968.046948"
"05/01/2010","2010","May","Medium","1222.619354","7693.768765"
"05/01/2010","2010","May","Heavy","215478.562258","1355975.778856"
"05/01/2010","2010","May","Total","351293.155806","2210637.594569"
"06/01/2010","2010","June","Light","131258.180000","825988.956820"
"06/01/2010","2010","June","Medium","778.246666","4897.394984"
"06/01/2010","2010","June","Heavy","190630.973933","1199613.458733"
"06/01/2010","2010","June","Total","322667.400600","2030499.810538"
"07/01/2010","2010","July","Light","132750.241935","835378.289215"
"07/01/2010","2010","July","Medium","509.567741","3206.636932"
"07/01/2010","2010","July","Heavy","188541.119354","1186462.302720"
"07/01/2010","2010","July","Total","321800.929032","2025047.228867"
"08/01/2010","2010","August","Light","111765.277419","703322.908365"
"08/01/2010","2010","August","Medium","606.522580","3816.759867"
"08/01/2010","2010","August","Heavy","193640.241935","1218550.351945"
"08/01/2010","2010","August","Total","306012.041935","1925690.020178"
"09/01/2010","2010","September","Light","122328.363333","769794.897501"
"09/01/2010","2010","September","Medium","488.783333","3075.843621"
"09/01/2010","2010","September","Heavy","182781.253333","1150216.289507"
"09/01/2010","2010","September","Total","305598.400000","1923087.030629"
"10/01/2010","2010","October","Light","125380.951612","789004.399024"
"10/01/2010","2010","October","Heavy","206856.796451","1301720.239548"
"10/01/2010","2010","October","Total","332237.748064","2090724.638572"
"11/01/2010","2010","November","Light","122886.756666","773308.786897"
"11/01/2010","2010","November","Medium","781.983333","4920.909293"
"11/01/2010","2010","November","Heavy","206154.070000","1297298.082478"
"11/01/2010","2010","November","Total","329822.810000","2075527.778668"
"12/01/2010","2010","December","Light","128149.122580","806424.103075"
"12/01/2010","2010","December","Medium","969.793548","6102.772120"
"12/01/2010","2010","December","Heavy","187402.864516","1179299.427790"
"12/01/2010","2010","December","Total","316521.780645","1991826.302985"
"01/01/2011","2011","January","Light","124881.958064","785864.303980"
"01/01/2011","2011","January","Medium","6039.264516","38004.227985"
"01/01/2011","2011","January","Heavy","192594.161161","1211967.515223"
"01/01/2011","2011","January","Total","323515.383741","2035836.047188"
"02/01/2011","2011","February","Light","121130.185714","762254.937083"
"02/01/2011","2011","February","Medium","6920.542857","43549.986562"
"02/01/2011","2011","February","Heavy","223594.682071","1407049.360236"
"02/01/2011","2011","February","Total","351645.410642","2212854.283882"
"03/01/2011","2011","March","Light","125657.119354","790742.283132"
"03/01/2011","2011","March","Medium","4897.335483","30818.231881"
"03/01/2011","2011","March","Heavy","209934.941935","1321090.568903"
"03/01/2011","2011","March","Total","340489.396774","2142651.083916"
"04/01/2011","2011","April","Light","106059.940000","667420.035849"
"04/01/2011","2011","April","Medium","5910.910000","37196.511370"
"04/01/2011","2011","April","Heavy","195145.790000","1228024.550622"
"04/01/2011","2011","April","Total","307116.640000","1932641.097840"
"05/01/2011","2011","May","Light","118984.264516","748750.961850"
"05/01/2011","2011","May","Medium","6429.022580","40456.919750"
"05/01/2011","2011","May","Heavy","202364.548548","1273451.165885"
"05/01/2011","2011","May","Total","327777.835645","2062659.047485"
"06/01/2011","2011","June","Light","105442.273333","663533.147842"
"06/01/2011","2011","June","Medium","4603.416666","28968.642795"
"06/01/2011","2011","June","Heavy","201641.613333","1268901.837956"
"06/01/2011","2011","June","Total","311687.303333","1961403.628592"
"07/01/2011","2011","July","Light","125232.516225","788070.316359"
"07/01/2011","2011","July","Medium","5961.064516","37512.126568"
"07/01/2011","2011","July","Heavy","219061.886064","1378525.123154"
"07/01/2011","2011","July","Total","350255.466806","2204107.566081"
"08/01/2011","2011","August","Light","106523.164516","670335.041487"
"08/01/2011","2011","August","Medium","5514.629032","34702.771908"
"08/01/2011","2011","August","Heavy","218433.250967","1374569.212385"
"08/01/2011","2011","August","Total","330471.044516","2079607.025781"
"09/01/2011","2011","September","Light","154901.026666","974770.009967"
"09/01/2011","2011","September","Medium","5786.103333","36411.120864"
"09/01/2011","2011","September","Heavy","211235.693666","1329276.013540"
"09/01/2011","2011","September","Total","371922.823666","2340457.144371"
"10/01/2011","2011","October","Light","129514.867741","815018.542074"
"10/01/2011","2011","October","Medium","6043.006451","38027.775450"
"10/01/2011","2011","October","Heavy","210264.038709","1323161.527842"
"10/01/2011","2011","October","Total","345821.912903","2176207.845366"
"11/01/2011","2011","November","Light","141698.183333","891686.404876"
"11/01/2011","2011","November","Medium","6202.486666","39031.361638"
"11/01/2011","2011","November","Heavy","213009.195333","1340436.405918"
"11/01/2011","2011","November","Total","360909.865333","2271154.172432"
"12/01/2011","2011","December","Light","135881.674193","855083.944621"
"12/01/2011","2011","December","Medium","4464.303225","28093.221805"
"12/01/2011","2011","December","Heavy","215899.448709","1358624.357109"
"12/01/2011","2011","December","Total","356245.426129","2241801.523534"
"01/01/2012","2012","January","Light","124193.078064","781529.280650"
"01/01/2012","2012","January","Medium","5241.770967","32985.715127"
"01/01/2012","2012","January","Heavy","220295.971612","1386291.047036"
"01/01/2012","2012","January","Total","349730.820645","2200806.042813"
"02/01/2012","2012","February","Light","138531.232482","871757.236048"
"02/01/2012","2012","February","Medium","8594.304620","54082.729992"
"02/01/2012","2012","February","Heavy","234299.671172","1474414.325835"
"02/01/2012","2012","February","Total","381425.208275","2400254.291875"
"03/01/2012","2012","March","Light","147505.707322","928232.322865"
"03/01/2012","2012","March","Medium","5869.351451","36934.989368"
"03/01/2012","2012","March","Heavy","225258.638967","1417520.403039"
"03/01/2012","2012","March","Total","378633.697741","2382687.715271"
"04/01/2012","2012","April","Light","123242.726266","775548.852686"
"04/01/2012","2012","April","Medium","9501.348233","59790.625740"
"04/01/2012","2012","April","Heavy","218105.498066","1372506.710247"
"04/01/2012","2012","April","Total","350849.572566","2207846.188673"
"05/01/2012","2012","May","Light","120264.381774","756806.556698"
"05/01/2012","2012","May","Medium","8031.710161","50542.403510"
"05/01/2012","2012","May","Heavy","232091.675538","1460519.725057"
"05/01/2012","2012","May","Total","360387.767474","2267868.685266"
"06/01/2012","2012","June","Light","147309.361849","926996.748877"
"06/01/2012","2012","June","Medium","7721.099266","48587.773568"
"06/01/2012","2012","June","Heavy","236949.016975","1491086.280117"
"06/01/2012","2012","June","Total","391979.478091","2466670.802562"
"07/01/2012","2012","July","Light","129208.925516","813093.291397"
"07/01/2012","2012","July","Medium","8940.981322","56264.316903"
"07/01/2012","2012","July","Heavy","233324.611821","1468278.416771"
"07/01/2012","2012","July","Total","371474.518659","2337636.025070"
"08/01/2012","2012","August","Light","138100.525735","869046.860078"
"08/01/2012","2012","August","Medium","7697.569421","48439.703619"
"08/01/2012","2012","August","Heavy","223123.371929","1404083.472911"
"08/01/2012","2012","August","Total","368921.467086","2321570.036607"
"09/01/2012","2012","September","Light","139536.404871","878082.642147"
"09/01/2012","2012","September","Medium","6126.203692","38551.323789"
"09/01/2012","2012","September","Heavy","214119.168391","1347421.307645"
"09/01/2012","2012","September","Total","359781.776954","2264055.273581"
"10/01/2012","2012","October","Light","130621.651079","821983.371346"
"10/01/2012","2012","October","Medium","8602.080777","54131.664237"
"10/01/2012","2012","October","Heavy","212938.523772","1339991.679889"
"10/01/2012","2012","October","Total","352162.255629","2216106.715472"
"11/01/2012","2012","November","Light","124666.192937","784506.524892"
"11/01/2012","2012","November","Medium","7849.309156","49394.580067"
"11/01/2012","2012","November","Heavy","237986.757793","1497616.634688"
"11/01/2012","2012","November","Total","370502.259887","2331517.739647"
"12/01/2012","2012","December","Light","158272.243165","995984.593308"
"12/01/2012","2012","December","Medium","8720.777447","54878.605407"
"12/01/2012","2012","December","Heavy","262010.573875","1648795.073886"
"12/01/2012","2012","December","Total","429003.594488","2699658.272602"
"01/01/2013","2013","January","Light","144045.523333","906457.879828"
"01/01/2013","2013","January","Medium","9514.172649","59871.327957"
"01/01/2013","2013","January","Heavy","273228.798447","1719389.756913"
"01/01/2013","2013","January","Total","426788.494430","2685718.964697"
"02/01/2013","2013","February","Light","136948.830053","861799.403843"
"02/01/2013","2013","February","Medium","8455.617875","53209.994136"
"02/01/2013","2013","February","Heavy","282208.725832","1775899.155814"
"02/01/2013","2013","February","Total","427613.173760","2690908.553793"
"03/01/2013","2013","March","Light","144797.521067","911190.094030"
"03/01/2013","2013","March","Medium","7616.641290","47930.434460"
"03/01/2013","2013","March","Heavy","281501.505787","1771448.721208"
"03/01/2013","2013","March","Total","433915.668145","2730569.249698"
"04/01/2013","2013","April","Light","135478.797539","852548.699451"
"04/01/2013","2013","April","Medium","6270.516500","39459.463651"
"04/01/2013","2013","April","Heavy","256594.975157","1614715.485584"
"04/01/2013","2013","April","Total","398344.289197","2506723.648686"
"05/01/2013","2013","May","Light","148038.173200","931583.054491"
"05/01/2013","2013","May","Medium","8154.040032","51312.207895"
"05/01/2013","2013","May","Heavy","243173.473618","1530255.895675"
"05/01/2013","2013","May","Total","399365.686851","2513151.158062"
"06/01/2013","2013","June","Light","130579.225353","821716.392319"
"06/01/2013","2013","June","Medium","8436.015268","53086.637732"
"06/01/2013","2013","June","Heavy","270587.613255","1702769.156191"
"06/01/2013","2013","June","Total","409602.853877","2577572.186242"
"07/01/2013","2013","July","Light","127492.900412","802294.590809"
"07/01/2013","2013","July","Medium","8975.910967","56484.124165"
"07/01/2013","2013","July","Heavy","245649.162868","1545835.054098"
"07/01/2013","2013","July","Total","382117.974248","2404613.769072"
"08/01/2013","2013","August","Light","144524.712597","909473.349342"
"08/01/2013","2013","August","Medium","8887.826774","55929.822931"
"08/01/2013","2013","August","Heavy","260475.797364","1639136.944776"
"08/01/2013","2013","August","Total","413888.336736","2604540.117048"
"09/01/2013","2013","September","Light","133911.398462","842685.281194"
"09/01/2013","2013","September","Medium","9633.275848","60620.827357"
"09/01/2013","2013","September","Heavy","260608.061838","1639969.266199"
"09/01/2013","2013","September","Total","404152.736149","2543275.374750"
"10/01/2013","2013","October","Light","137619.013960","866016.775336"
"10/01/2013","2013","October","Medium","7950.695161","50032.587701"
"10/01/2013","2013","October","Heavy","268667.960698","1690689.057157"
"10/01/2013","2013","October","Total","414237.669820","2606738.420194"
"11/01/2013","2013","November","Light","163648.535971","1029816.835129"
"11/01/2013","2013","November","Medium","9697.863533","61027.268421"
"11/01/2013","2013","November","Heavy","267145.954310","1681111.288602"
"11/01/2013","2013","November","Total","440492.353815","2771955.392152"
"12/01/2013","2013","December","Light","154152.852469","970061.856735"
"12/01/2013","2013","December","Medium","11655.489677","73346.329805"
"12/01/2013","2013","December","Heavy","273339.801067","1720088.280526"
"12/01/2013","2013","December","Total","439148.143214","2763496.467066"
"01/01/2014","2014","January","Light","150738.665666","948576.867411"
"01/01/2014","2014","January","Medium","11016.134942","69322.961887"
"01/01/2014","2014","January","Heavy","277419.174798","1745759.196067"
"01/01/2014","2014","January","Total","439173.975408","2763659.025365"
"02/01/2014","2014","February","Light","141300.451810","889183.537276"
"02/01/2014","2014","February","Medium","10189.451678","64120.762319"
"02/01/2014","2014","February","Heavy","280923.820485","1767813.430208"
"02/01/2014","2014","February","Total","432413.723973","2721117.729803"
"03/01/2014","2014","March","Light","140119.272013","881750.541724"
"03/01/2014","2014","March","Medium","13328.382967","83873.608057"
"03/01/2014","2014","March","Heavy","302680.249442","1904723.526467"
"03/01/2014","2014","March","Total","456127.904423","2870347.676247"
"04/01/2014","2014","April","Light","125557.575732","790115.869352"
"04/01/2014","2014","April","Medium","12105.199000","76176.286264"
"04/01/2014","2014","April","Heavy","291574.075958","1834833.964914"
"04/01/2014","2014","April","Total","429236.850691","2701126.120529"
"05/01/2014","2014","May","Light","138024.967043","868571.380032"
"05/01/2014","2014","May","Medium","6774.773580","42632.681350"
"05/01/2014","2014","May","Heavy","306775.097022","1930491.816721"
"05/01/2014","2014","May","Total","451574.837645","2841695.878103"
"06/01/2014","2014","June","Light","137216.824924","863485.857242"
"06/01/2014","2014","June","Medium","1408.703333","8864.768632"
"06/01/2014","2014","June","Heavy","306791.807760","1930596.975010"
"06/01/2014","2014","June","Total","445417.336018","2802947.600883"
"07/01/2014","2014","July","Light","144442.545411","908956.282993"
"07/01/2014","2014","July","Medium","4100.331935","25802.802523"
"07/01/2014","2014","July","Heavy","312949.368050","1969345.621385"
"07/01/2014","2014","July","Total","461492.245398","2904104.706900"
"08/01/2014","2014","August","Light","145707.292969","916915.158515"
"08/01/2014","2014","August","Heavy","321577.052968","2023638.408812"
"08/01/2014","2014","August","Total","467284.345938","2940553.567327"
"09/01/2014","2014","September","Light","134568.064988","846817.589738"
"09/01/2014","2014","September","Heavy","332978.868144","2095388.401255"
"09/01/2014","2014","September","Total","467546.933132","2942205.990993"
"10/01/2014","2014","October","Light","146081.458943","919269.731480"
"10/01/2014","2014","October","Medium","1015.954719","6393.257767"
"10/01/2014","2014","October","Heavy","301952.052233","1900141.085563"
"10/01/2014","2014","October","Total","449049.465896","2825804.074811"
"11/01/2014","2014","November","Light","151165.937578","951265.628451"
"11/01/2014","2014","November","Medium","549.600000","3458.554207"
"11/01/2014","2014","November","Heavy","311696.492675","1961461.455810"
"11/01/2014","2014","November","Total","463412.030254","2916185.638468"
"12/01/2014","2014","December","Light","148503.886488","934513.721614"
"12/01/2014","2014","December","Medium","974.777419","6134.134907"
"12/01/2014","2014","December","Heavy","329829.095706","2075567.333717"
"12/01/2014","2014","December","Total","479307.759613","3016215.190238"
"01/01/2015","2015","January","Light","163270.611072","1027438.607782"
"01/01/2015","2015","January","Medium","17465.519451","109908.016340"
"01/01/2015","2015","January","Heavy","312373.263215","1965720.276038"
"01/01/2015","2015","January","Total","493109.393739","3103066.900159"
"02/01/2015","2015","February","Light","149286.042168","939435.715461"
"02/01/2015","2015","February","Medium","16438.192928","103443.197438"
"02/01/2015","2015","February","Heavy","318770.208145","2005975.335720"
"02/01/2015","2015","February","Total","484494.443242","3048854.248619"
"03/01/2015","2015","March","Light","153072.377959","963262.585148"
"03/01/2015","2015","March","Medium","16308.231483","102625.368651"
"03/01/2015","2015","March","Heavy","312321.617839","1965395.279076"
"03/01/2015","2015","March","Total","481702.227283","3031283.232874"
"04/01/2015","2015","April","Light","152002.484667","956529.899659"
"04/01/2015","2015","April","Medium","16489.129933","103763.736725"
"04/01/2015","2015","April","Heavy","330737.333340","2081282.743271"
"04/01/2015","2015","April","Total","499228.947941","3141576.379654"
"05/01/2015","2015","May","Light","125271.012885","788312.570335"
"05/01/2015","2015","May","Medium","17743.389236","111656.611158"
"05/01/2015","2015","May","Heavy","302966.213610","1906523.058083"
"05/01/2015","2015","May","Total","445980.615732","2806492.239576"
"06/01/2015","2015","June","Light","127746.243813","803888.844606"
"06/01/2015","2015","June","Medium","29436.808961","185241.629330"
"06/01/2015","2015","June","Heavy","322526.195604","2029611.227691"
"06/01/2015","2015","June","Total","479709.248379","3018741.701627"
"07/01/2015","2015","July","Light","121054.699620","761779.913892"
"07/01/2015","2015","July","Medium","31799.264401","200108.223582"
"07/01/2015","2015","July","Heavy","304140.898617","1913915.182849"
"07/01/2015","2015","July","Total","456994.862639","2875803.320323"
"08/01/2015","2015","August","Light","146035.292449","918979.212338"
"08/01/2015","2015","August","Medium","46985.875946","295675.398352"
"08/01/2015","2015","August","Heavy","315932.065113","1988115.307471"
"08/01/2015","2015","August","Total","508953.233509","3202769.918161"
"09/01/2015","2015","September","Light","140007.704145","881048.461086"
"09/01/2015","2015","September","Medium","44990.108317","283116.318059"
"09/01/2015","2015","September","Heavy","332653.748684","2093342.470984"
"09/01/2015","2015","September","Total","517651.561147","3257507.250128"
"10/01/2015","2015","October","Light","113834.439231","716343.847758"
"10/01/2015","2015","October","Medium","5063.754645","31865.483865"
"10/01/2015","2015","October","Heavy","338066.315728","2127402.981394"
"10/01/2015","2015","October","Total","456964.509604","2875612.313017"
"11/01/2015","2015","November","Light","132609.534381","834492.836700"
"11/01/2015","2015","November","Medium","5858.198433","36864.805019"
"11/01/2015","2015","November","Heavy","343521.507076","2161731.720459"
"11/01/2015","2015","November","Total","481989.239891","3033089.362178"
"12/01/2015","2015","December","Light","127293.036944","801036.878587"
"12/01/2015","2015","December","Medium","7594.262322","47789.606816"
"12/01/2015","2015","December","Heavy","367611.372329","2313325.797643"
"12/01/2015","2015","December","Total","502498.671596","3162152.283046"
"01/01/2016","2016","January","Light","143735.025867","904503.963672"
"01/01/2016","2016","January","Medium","8244.324516","51880.355242"
"01/01/2016","2016","January","Heavy","375505.844349","2363004.581155"
"01/01/2016","2016","January","Total","527485.194732","3319388.900069"
"02/01/2016","2016","February","Light","139969.854010","880810.275601"
"02/01/2016","2016","February","Medium","8335.153448","52451.928723"
"02/01/2016","2016","February","Heavy","367001.457877","2309487.693217"
"02/01/2016","2016","February","Total","515306.465337","3242749.897542"
"03/01/2016","2016","March","Light","131755.041002","829115.632058"
"03/01/2016","2016","March","Medium","8564.153161","53892.991170"
"03/01/2016","2016","March","Heavy","366575.539453","2306807.449479"
"03/01/2016","2016","March","Total","506894.733617","3189816.072706"
"04/01/2016","2016","April","Light","125803.187353","791661.468157"
"04/01/2016","2016","April","Medium","7092.702000","44633.359430"
"04/01/2016","2016","April","Heavy","337427.047292","2123380.156546"
"04/01/2016","2016","April","Total","470322.936645","2959674.984133"
"05/01/2016","2016","May","Light","120665.323085","759329.623033"
"05/01/2016","2016","May","Medium","6441.219419","40533.672712"
"05/01/2016","2016","May","Heavy","327569.225816","2061346.295665"
"05/01/2016","2016","May","Total","454675.768321","2861209.591409"
"06/01/2016","2016","June","Light","110355.116956","694448.970226"
"06/01/2016","2016","June","Medium","7390.976033","46510.355268"
"06/01/2016","2016","June","Heavy","324639.489983","2042909.887017"
"06/01/2016","2016","June","Total","442385.582973","2783869.212511"
"07/01/2016","2016","July","Light","98442.253232","619483.022350"
"07/01/2016","2016","July","Medium","6786.019354","42703.449399"
"07/01/2016","2016","July","Heavy","338775.452643","2131865.478593"
"07/01/2016","2016","July","Total","444003.725230","2794051.950342"
"08/01/2016","2016","August","Light","123654.143783","778137.844284"
"08/01/2016","2016","August","Medium","7302.536645","45953.818845"
"08/01/2016","2016","August","Heavy","367294.421812","2311331.273365"
"08/01/2016","2016","August","Total","498251.102240","3135422.936495"
"09/01/2016","2016","September","Light","134784.800694","848181.476546"
"09/01/2016","2016","September","Medium","5849.234433","36808.395848"
"09/01/2016","2016","September","Heavy","356178.961937","2241383.273884"
"09/01/2016","2016","September","Total","496812.997066","3126373.146278"
"10/01/2016","2016","October","Light","137710.445171","866592.138868"
"10/01/2016","2016","October","Medium","5252.705612","33054.525285"
"10/01/2016","2016","October","Heavy","342900.186458","2157821.838656"
"10/01/2016","2016","October","Total","485863.337242","3057468.502809"
"11/01/2016","2016","November","Light","142067.862014","894012.739950"
"11/01/2016","2016","November","Medium","6393.546666","40233.674896"
"11/01/2016","2016","November","Heavy","389621.622438","2451833.154111"
"11/01/2016","2016","November","Total","538083.031118","3386079.568958"
"12/01/2016","2016","December","Light","140211.305280","882329.693915"
"12/01/2016","2016","December","Medium","5523.143967","34756.355179"
"12/01/2016","2016","December","Heavy","387452.728512","2438184.614792"
"12/01/2016","2016","December","Total","533187.177761","3355270.663886"
"01/01/2017","2017","January","Light","127743.987348","803874.644996"
"01/01/2017","2017","January","Medium","6056.331677","38111.629191"
"01/01/2017","2017","January","Heavy","401444.059302","2526230.058692"
"01/01/2017","2017","January","Total","535244.378329","3368216.332879"
"02/01/2017","2017","February","Light","144346.079002","908349.233671"
"02/01/2017","2017","February","Medium","5300.699642","33356.544852"
"02/01/2017","2017","February","Heavy","393662.538601","2477262.061674"
"02/01/2017","2017","February","Total","543309.317246","3418967.840197"
"03/01/2017","2017","March","Light","119729.047524","753437.774820"
"03/01/2017","2017","March","Medium","4385.718064","27598.696622"
"03/01/2017","2017","March","Heavy","411432.388446","2589085.185662"
"03/01/2017","2017","March","Total","535547.154035","3370121.657104"
"04/01/2017","2017","April","Light","119283.191381","750632.065867"
"04/01/2017","2017","April","Medium","5303.147000","33371.945721"
"04/01/2017","2017","April","Heavy","413958.789022","2604983.463209"
"04/01/2017","2017","April","Total","538545.127403","3388987.474797"
"05/01/2017","2017","May","Light","134115.024434","843966.670320"
"05/01/2017","2017","May","Medium","5676.702903","35722.679601"
"05/01/2017","2017","May","Heavy","383072.560916","2410620.846473"
"05/01/2017","2017","May","Total","522864.288254","3290310.196394"
"06/01/2017","2017","June","Light","134801.631688","848287.391582"
"06/01/2017","2017","June","Medium","5754.864500","36214.539353"
"06/01/2017","2017","June","Heavy","386070.219435","2429484.682867"
"06/01/2017","2017","June","Total","526626.715624","3313986.613803"
"07/01/2017","2017","July","Light","124833.308444","785558.158880"
"07/01/2017","2017","July","Medium","6025.266774","37916.142197"
"07/01/2017","2017","July","Heavy","388507.904615","2444824.687112"
"07/01/2017","2017","July","Total","519366.479834","3268298.988189"
"08/01/2017","2017","August","Light","114533.478439","720742.801532"
"08/01/2017","2017","August","Medium","4807.268129","30251.450897"
"08/01/2017","2017","August","Heavy","392170.241219","2467871.247653"
"08/01/2017","2017","August","Total","511510.987788","3218865.500082"
"09/01/2017","2017","September","Light","108059.912341","680005.575800"
"09/01/2017","2017","September","Medium","6162.279333","38778.342639"
"09/01/2017","2017","September","Heavy","411865.540915","2591810.952209"
"09/01/2017","2017","September","Total","526087.732590","3310594.870648"
"10/01/2017","2017","October","Light","119621.048192","752758.150465"
"10/01/2017","2017","October","Medium","6152.384516","38716.075969"
"10/01/2017","2017","October","Heavy","393326.352909","2475146.493189"
"10/01/2017","2017","October","Total","519099.785617","3266620.719623"
"11/01/2017","2017","November","Light","118530.612227","745896.192872"
"11/01/2017","2017","November","Medium","6614.547333","41624.400488"
"11/01/2017","2017","November","Heavy","385213.040587","2424090.578953"
"11/01/2017","2017","November","Total","510358.200148","3211611.172313"
"12/01/2017","2017","December","Light","114876.782065","722903.162158"
"12/01/2017","2017","December","Medium","5776.884516","36353.108166"
"12/01/2017","2017","December","Heavy","426447.552947","2683573.468697"
"12/01/2017","2017","December","Total","547101.219528","3442829.739021"
"01/01/2018","2018","January","Light","130543.065018","821488.840504"
"01/01/2018","2018","January","Medium","6639.802903","41783.330178"
"01/01/2018","2018","January","Heavy","406627.450001","2558848.395131"
"01/01/2018","2018","January","Total","543810.317922","3422120.565814"
"02/01/2018","2018","February","Light","126799.631370","797931.947870"
"02/01/2018","2018","February","Medium","5537.340357","34845.691028"
"02/01/2018","2018","February","Heavy","424058.070586","2668536.797898"
"02/01/2018","2018","February","Total","556395.042314","3501314.436795"
"03/01/2018","2018","March","Light","114854.406143","722762.353681"
"03/01/2018","2018","March","Medium","10708.589677","67387.623512"
"03/01/2018","2018","March","Heavy","456836.429693","2874806.324454"
"03/01/2018","2018","March","Total","582399.425514","3664956.301646"
"04/01/2018","2018","April","Light","141685.516026","891606.691324"
"04/01/2018","2018","April","Medium","10258.910000","64557.853606"
"04/01/2018","2018","April","Heavy","427787.161256","2692003.432224"
"04/01/2018","2018","April","Total","579731.587282","3648167.977154"
"05/01/2018","2018","May","Light","119721.584226","753390.809352"
"05/01/2018","2018","May","Medium","11027.538741","69394.724365"
"05/01/2018","2018","May","Heavy","452863.026905","2849802.268902"
"05/01/2018","2018","May","Total","583612.149873","3672587.802619"
"06/01/2018","2018","June","Light","120819.177234","760297.805193"
"06/01/2018","2018","June","Medium","15743.997666","99074.725925"
"06/01/2018","2018","June","Heavy","438563.343207","2759816.404247"
"06/01/2018","2018","June","Total","575126.518108","3619188.935365"
"07/01/2018","2018","July","Light","118495.040174","745672.343030"
"07/01/2018","2018","July","Medium","13386.271935","84237.895053"
"07/01/2018","2018","July","Heavy","440759.526959","2773636.674546"
"07/01/2018","2018","July","Total","572640.839070","3603546.912629"
"08/01/2018","2018","August","Light","120415.364879","757756.671792"
"08/01/2018","2018","August","Medium","11276.291935","70960.092640"
"08/01/2018","2018","August","Heavy","455718.093769","2867768.796407"
"08/01/2018","2018","August","Total","587409.750585","3696485.560839"
"09/01/2018","2018","September","Light","112454.111943","707657.645524"
"09/01/2018","2018","September","Medium","11062.926666","69617.415515"
"09/01/2018","2018","September","Heavy","435044.483808","2737672.725246"
"09/01/2018","2018","September","Total","558561.522418","3514947.786285"
"10/01/2018","2018","October","Light","108724.649671","684188.672760"
"10/01/2018","2018","October","Medium","5724.856774","36025.705025"
"10/01/2018","2018","October","Heavy","450564.508275","2835338.019855"
"10/01/2018","2018","October","Total","565014.014721","3555552.397640"
"11/01/2018","2018","November","Light","124111.660621","781016.932324"
"11/01/2018","2018","November","Medium","11053.970333","69561.054590"
"11/01/2018","2018","November","Heavy","465678.539681","2930448.458183"
"11/01/2018","2018","November","Total","600844.170636","3781026.445097"
"12/01/2018","2018","December","Light","120745.725084","759835.581319"
"12/01/2018","2018","December","Medium","14346.150967","90278.276540"
"12/01/2018","2018","December","Heavy","464757.388809","2924651.787470"
"12/01/2018","2018","December","Total","599849.264861","3774765.645329"
"01/01/2019","2019","January","Light","130163.338301","819099.274576"
"01/01/2019","2019","January","Medium","16302.259032","102587.784867"
"01/01/2019","2019","January","Heavy","456383.352139","2871955.172193"
"01/01/2019","2019","January","Total","602848.949473","3793642.231636"
"02/01/2019","2019","February","Light","139252.507170","876296.114512"
"02/01/2019","2019","February","Medium","15155.589285","95371.956126"
"02/01/2019","2019","February","Heavy","408930.737877","2573342.656366"
"02/01/2019","2019","February","Total","563338.834332","3545010.727004"
"03/01/2019","2019","March","Light","138247.145108","869969.514825"
"03/01/2019","2019","March","Medium","11850.451258","74573.195152"
"03/01/2019","2019","March","Heavy","441074.319205","2775617.617131"
"03/01/2019","2019","March","Total","591171.915571","3720160.327109"
"04/01/2019","2019","April","Light","145127.501774","913266.615435"
"04/01/2019","2019","April","Medium","14577.574666","91734.592784"
"04/01/2019","2019","April","Heavy","440388.281882","2771300.482363"
"04/01/2019","2019","April","Total","600093.358323","3776301.690582"
"05/01/2019","2019","May","Light","142998.957521","899871.990833"
"05/01/2019","2019","May","Medium","12950.108874","81493.183284"
"05/01/2019","2019","May","Heavy","447663.050908","2817079.563550"
"05/01/2019","2019","May","Total","603612.117304","3798444.737667"
"06/01/2019","2019","June","Light","143334.160938","901981.378002"
"06/01/2019","2019","June","Medium","9450.429377","59470.200661"
"06/01/2019","2019","June","Heavy","458408.388043","2884698.433561"
"06/01/2019","2019","June","Total","611192.978360","3846150.012224"
"07/01/2019","2019","July","Light","134402.829231","845777.784751"
"07/01/2019","2019","July","Medium","11856.401000","74610.636028"
"07/01/2019","2019","July","Heavy","476236.995350","2996891.309852"
"07/01/2019","2019","July","Total","622496.225582","3917279.730630"
"08/01/2019","2019","August","Light","141256.616815","888907.689926"
"08/01/2019","2019","August","Medium","10307.815633","64865.609762"
"08/01/2019","2019","August","Heavy","445225.922828","2801743.065054"
"08/01/2019","2019","August","Total","596790.355277","3755516.364742"
"09/01/2019","2019","September","Light","125388.918394","789054.532839"
"09/01/2019","2019","September","Medium","9525.314920","59941.444672"
"09/01/2019","2019","September","Heavy","455713.709812","2867741.208790"
"09/01/2019","2019","September","Total","590627.943126","3716737.186301"
"10/01/2019","2019","October","Light","128484.235249","808532.919179"
"10/01/2019","2019","October","Medium","14714.213225","92594.439698"
"10/01/2019","2019","October","Heavy","442671.777412","2785670.193190"
"10/01/2019","2019","October","Total","585870.225887","3686797.552066"
"11/01/2019","2019","November","Light","121543.535308","764856.086974"
"11/01/2019","2019","November","Medium","9250.386166","58211.357342"
"11/01/2019","2019","November","Heavy","434399.132517","2733611.621856"
"11/01/2019","2019","November","Total","565193.053993","3556679.066172"
"12/01/2019","2019","December","Light","142307.554915","895521.093101"
"12/01/2019","2019","December","Medium","9165.012580","57674.113573"
"12/01/2019","2019","December","Heavy","485673.095719","3056271.340111"
"12/01/2019","2019","December","Total","637145.663215","4009466.546785"
"01/01/2020","2020","January","Light","126355.263211","795135.602585"
"01/01/2020","2020","January","Medium","12815.127838","80643.766926"
"01/01/2020","2020","January","Heavy","488030.803441","3071108.057654"
"01/01/2020","2020","January","Total","627201.194491","3946887.427165"
"02/01/2020","2020","February","Light","144250.008937","907744.678492"
"02/01/2020","2020","February","Medium","11027.135551","69392.187147"
"02/01/2020","2020","February","Heavy","498604.379384","3137646.059040"
"02/01/2020","2020","February","Total","653881.523873","4114782.924678"
"03/01/2020","2020","March","Light","143164.364653","900912.874260"
"03/01/2020","2020","March","Medium","6706.193870","42201.119044"
"03/01/2020","2020","March","Heavy","482861.698284","3038579.618083"
"03/01/2020","2020","March","Total","632732.256809","3981693.611388"
"04/01/2020","2020","April","Light","134111.854752","843946.723963"
"04/01/2020","2020","April","Medium","8472.924966","53318.905187"
"04/01/2020","2020","April","Heavy","430996.265462","2712197.866088"
"04/01/2020","2020","April","Total","573581.045181","3609463.495238"
"05/01/2020","2020","May","Light","147376.143174","927416.994207"
"05/01/2020","2020","May","Medium","7926.483161","49880.225047"
"05/01/2020","2020","May","Heavy","379517.884553","2388251.776435"
"05/01/2020","2020","May","Total","534820.510888","3365548.995688"
"06/01/2020","2020","June","Light","134131.532133","844070.550907"
"06/01/2020","2020","June","Medium","7972.845833","50171.978712"
"06/01/2020","2020","June","Heavy","399313.593871","2512823.344391"
"06/01/2020","2020","June","Total","541417.971838","3407065.874010"
"07/01/2020","2020","July","Light","141553.297218","890774.657275"
"07/01/2020","2020","July","Medium","10447.050774","65741.796594"
"07/01/2020","2020","July","Heavy","421809.449941","2654386.549730"
"07/01/2020","2020","July","Total","573809.797934","3610903.003600"
"08/01/2020","2020","August","Light","150384.670661","946349.227466"
"08/01/2020","2020","August","Medium","12268.088000","77201.323447"
"08/01/2020","2020","August","Heavy","400286.328741","2518944.625825"
"08/01/2020","2020","August","Total","562939.087403","3542495.176738"
"09/01/2020","2020","September","Light","130291.454262","819905.489994"
"09/01/2020","2020","September","Medium","12580.555400","79167.636113"
"09/01/2020","2020","September","Heavy","392966.733833","2472883.461772"
"09/01/2020","2020","September","Total","535838.743495","3371956.587879"
"10/01/2020","2020","October","Light","105542.192383","664161.924136"
"10/01/2020","2020","October","Medium","14054.284612","88441.603306"
"10/01/2020","2020","October","Heavy","454230.749995","2858409.154727"
"10/01/2020","2020","October","Total","573827.226992","3611012.682169"
"11/01/2020","2020","November","Light","122969.750855","773831.057462"
"11/01/2020","2020","November","Medium","17247.982366","108539.086572"
"11/01/2020","2020","November","Heavy","459482.436417","2891457.266384"
"11/01/2020","2020","November","Total","599700.169639","3773827.410418"
"12/01/2020","2020","December","Light","124431.885146","783032.059467"
"12/01/2020","2020","December","Medium","9910.922709","62368.019350"
"12/01/2020","2020","December","Heavy","467828.066663","2943975.124102"
"12/01/2020","2020","December","Total","602170.874519","3789375.202918"
"01/01/2021","2021","January","Light","126963.817511","798965.147774"
"01/01/2021","2021","January","Medium","13421.944838","84462.379532"
"01/01/2021","2021","January","Heavy","479518.674843","3017542.449622"
"01/01/2021","2021","January","Total","619904.437194","3900969.976928"
"02/01/2021","2021","February","Light","135242.126544","851059.362722"
"02/01/2021","2021","February","Medium","7906.612000","49755.178670"
"02/01/2021","2021","February","Heavy","453424.336838","2853334.512047"
"02/01/2021","2021","February","Total","596573.075383","3754149.053439"
"03/01/2021","2021","March","Light","103119.323995","648915.159840"
"03/01/2021","2021","March","Medium","7875.509096","49559.452548"
"03/01/2021","2021","March","Heavy","473616.624651","2980401.691757"
"03/01/2021","2021","March","Total","584611.457744","3678876.304145"
"04/01/2021","2021","April","Light","100275.349316","631018.433875"
"04/01/2021","2021","April","Medium","6674.664000","42002.706075"
"04/01/2021","2021","April","Heavy","476467.619946","2998342.597453"
"04/01/2021","2021","April","Total","583417.633263","3671363.737404"
"05/01/2021","2021","May","Light","120725.231680","759706.619257"
"05/01/2021","2021","May","Medium","8916.169161","56108.177520"
"05/01/2021","2021","May","Heavy","461593.282197","2904740.517028"
"05/01/2021","2021","May","Total","591234.683038","3720555.313804"
"06/01/2021","2021","June","Light","123817.013451","779162.759819"
"06/01/2021","2021","June","Medium","8023.384833","50490.013412"
"06/01/2021","2021","June","Heavy","467401.251623","2941289.238087"
"06/01/2021","2021","June","Total","599241.649908","3770942.011319"
"07/01/2021","2021","July","Light","114334.795852","719492.520421"
"07/01/2021","2021","July","Medium","11683.556967","73522.953249"
"07/01/2021","2021","July","Heavy","468513.748006","2948290.018738"
"07/01/2021","2021","July","Total","594532.100826","3741305.492408"
"08/01/2021","2021","August","Light","122249.116921","769296.211164"
"08/01/2021","2021","August","Medium","4187.639322","26352.215425"
"08/01/2021","2021","August","Heavy","465491.005608","2929268.333081"
"08/01/2021","2021","August","Total","591927.761852","3724916.759669"
"09/01/2021","2021","September","Light","114733.756813","722003.124697"
"09/01/2021","2021","September","Medium","9528.249000","59959.908417"
"09/01/2021","2021","September","Heavy","456306.663120","2871472.579165"
"09/01/2021","2021","September","Total","580568.668933","3653435.612280"
"10/01/2021","2021","October","Light","122945.149905","773676.247199"
"10/01/2021","2021","October","Medium","7825.348064","49243.796345"
"10/01/2021","2021","October","Heavy","452170.097048","2845441.760400"
"10/01/2021","2021","October","Total","582940.595018","3668361.803944"
"11/01/2021","2021","November","Light","112786.462137","709749.077767"
"11/01/2021","2021","November","Medium","6120.868666","38517.751235"
"11/01/2021","2021","November","Heavy","520294.994241","3274141.996579"
"11/01/2021","2021","November","Total","639202.325046","4022408.825582"
"12/01/2021","2021","December","Light","93266.206566","586910.900858"
"12/01/2021","2021","December","Medium","8067.072903","50764.936189"
"12/01/2021","2021","December","Heavy","531632.546840","3345487.593816"
"12/01/2021","2021","December","Total","632965.826311","3983163.430862"
"01/01/2022","2022","January","Light","100142.961225","630185.334550"
"01/01/2022","2022","January","Medium","10786.623548","67878.679503"
"01/01/2022","2022","January","Heavy","506132.186060","3185017.469979"
"01/01/2022","2022","January","Total","617061.770834","3883081.484031"
"02/01/2022","2022","February","Light","101121.386954","636342.427748"
"02/01/2022","2022","February","Medium","13523.866785","85103.759770"
"02/01/2022","2022","February","Heavy","495414.026280","3117569.623177"
"02/01/2022","2022","February","Total","610059.280020","3839015.810695"
"03/01/2022","2022","March","Light","113236.585772","712581.641437"
"03/01/2022","2022","March","Medium","9471.569354","59603.231516"
"03/01/2022","2022","March","Heavy","498648.345261","3137922.730015"
"03/01/2022","2022","March","Total","621356.500388","3910107.602967"
"04/01/2022","2022","April","Light","107294.630664","675189.767636"
"04/01/2022","2022","April","Medium","12323.649133","77550.961714"
"04/01/2022","2022","April","Heavy","466916.167640","2938236.673950"
"04/01/2022","2022","April","Total","586534.447437","3690977.403301"
"05/01/2022","2022","May","Light","125369.354017","788931.417017"
"05/01/2022","2022","May","Medium","15036.901041","94625.067980"
"05/01/2022","2022","May","Heavy","484137.349143","3046607.106517"
"05/01/2022","2022","May","Total","624543.604203","3930163.591515"
"06/01/2022","2022","June","Light","122721.486928","772268.768067"
"06/01/2022","2022","June","Medium","16800.451520","105722.838953"
"06/01/2022","2022","June","Heavy","468885.239400","2950627.760960"
"06/01/2022","2022","June","Total","608407.177849","3828619.367981"
"07/01/2022","2022","July","Light","120447.514163","757958.982635"
"07/01/2022","2022","July","Medium","18404.975483","115819.878809"
"07/01/2022","2022","July","Heavy","488828.314058","3076126.677922"
"07/01/2022","2022","July","Total","627680.803705","3949905.539366"
"08/01/2022","2022","August","Light","112054.166493","705140.845997"
"08/01/2022","2022","August","Medium","15208.342580","95703.925067"
"08/01/2022","2022","August","Heavy","486490.287001","3061413.807989"
"08/01/2022","2022","August","Total","613752.796075","3862258.579053"
"09/01/2022","2022","September","Light","106458.523572","669928.265272"
"09/01/2022","2022","September","Medium","15174.871066","95493.293616"
"09/01/2022","2022","September","Heavy","512337.191186","3224064.679919"
"09/01/2022","2022","September","Total","633970.585825","3989486.238807"
"10/01/2022","2022","October","Light","96177.952560","605234.102015"
"10/01/2022","2022","October","Medium","17557.687419","110488.016181"
"10/01/2022","2022","October","Heavy","507613.263703","3194337.679790"
"10/01/2022","2022","October","Total","621348.903683","3910059.797986"
"11/01/2022","2022","November","Light","106635.882384","671044.358914"
"11/01/2022","2022","November","Medium","11534.970933","72587.922583"
"11/01/2022","2022","November","Heavy","501739.077337","3157372.265000"
"11/01/2022","2022","November","Total","619909.930655","3901004.546496"
"12/01/2022","2022","December","Light","107267.820981","675021.058139"
"12/01/2022","2022","December","Medium","22245.589161","139988.311473"
"12/01/2022","2022","December","Heavy","482834.610101","3038409.156020"
"12/01/2022","2022","December","Total","612348.020244","3853418.525632"
"01/01/2023","2023","January","Light","117435.962208","739007.716836"
"01/01/2023","2023","January","Medium","17064.283677","107383.096989"
"01/01/2023","2023","January","Heavy","509900.609650","3208731.620741"
"01/01/2023","2023","January","Total","644400.855536","4055122.434566"
"02/01/2023","2023","February","Light","114451.741464","720228.442439"
"02/01/2023","2023","February","Medium","13799.678035","86839.400525"
"02/01/2023","2023","February","Heavy","525892.874055","3309368.653748"
"02/01/2023","2023","February","Total","654144.293555","4116436.496711"
"03/01/2023","2023","March","Light","122829.171040","772946.408786"
"03/01/2023","2023","March","Medium","12451.302516","78354.266198"
"03/01/2023","2023","March","Heavy","493551.587875","3105849.564622"
"03/01/2023","2023","March","Total","628832.061431","3957150.239605"
"04/01/2023","2023","April","Light","103687.832932","652492.705285"
"04/01/2023","2023","April","Medium","16503.079333","103851.518304"
"04/01/2023","2023","April","Heavy","482663.943815","3037335.177484"
"04/01/2023","2023","April","Total","602854.856081","3793679.401073"
"05/01/2023","2023","May","Light","114634.612633","721379.224555"
"05/01/2023","2023","May","Medium","16103.038478","101334.118413"
"05/01/2023","2023","May","Heavy","497527.681926","3130870.555908"
"05/01/2023","2023","May","Total","628265.333039","3953583.898876"
"06/01/2023","2023","June","Light","129031.784103","811978.565818"
"06/01/2023","2023","June","Medium","14151.700055","89054.624757"
"06/01/2023","2023","June","Heavy","491600.790525","3093573.475865"
"06/01/2023","2023","June","Total","634784.274684","3994606.666440"
"07/01/2023","2023","July","Light","125936.243826","792498.773519"
"07/01/2023","2023","July","Medium","12273.653419","77236.345836"
"07/01/2023","2023","July","Heavy","471992.114218","2970178.879906"
"07/01/2023","2023","July","Total","610202.011464","3839913.999260"
"08/01/2023","2023","August","Light","143625.985128","903817.785896"
"08/01/2023","2023","August","Medium","13278.383000","83558.965410"
"08/01/2023","2023","August","Heavy","478815.074878","3013114.795652"
"08/01/2023","2023","August","Total","635719.443006","4000491.546958"
"09/01/2023","2023","September","Light","119656.422808","752980.757865"
"09/01/2023","2023","September","Medium","14204.113600","89384.455697"
"09/01/2023","2023","September","Heavy","496349.925731","3123459.104588"
"09/01/2023","2023","September","Total","630210.462139","3965824.318149"
"10/01/2023","2023","October","Light","128928.971091","811331.578237"
"10/01/2023","2023","October","Medium","14021.634967","88236.143758"
"10/01/2023","2023","October","Heavy","493129.398240","3103192.785622"
"10/01/2023","2023","October","Total","636080.004299","4002760.507617"
"11/01/2023","2023","November","Light","128385.964382","807914.514666"
"11/01/2023","2023","November","Medium","12821.906100","80686.421555"
"11/01/2023","2023","November","Heavy","521267.334795","3280260.796642"
"11/01/2023","2023","November","Total","662475.205278","4168861.732863"
"12/01/2023","2023","December","Light","117397.669826","738766.748351"
"12/01/2023","2023","December","Medium","11547.860322","72669.033666"
"12/01/2023","2023","December","Heavy","525941.362562","3309673.784988"
"12/01/2023","2023","December","Total","654886.892711","4121109.567005"
"01/01/2024","2024","January","Light","131789.554050","829332.817736"
"01/01/2024","2024","January","Medium","8787.282258","55297.110669"
"01/01/2024","2024","January","Heavy","510931.434482","3215218.454005"
"01/01/2024","2024","January","Total","651508.270791","4099848.382410"
"02/01/2024","2024","February","Light","153835.323842","968063.694489"
"02/01/2024","2024","February","Medium","8387.500965","52781.344163"
"02/01/2024","2024","February","Heavy","508370.651155","3199103.810720"
"02/01/2024","2024","February","Total","670593.475963","4219948.849372"
"03/01/2024","2024","March","Light","137382.084457","864525.811855"
"03/01/2024","2024","March","Medium","10318.837580","64934.969301"
"03/01/2024","2024","March","Heavy","515933.050012","3246692.905304"
"03/01/2024","2024","March","Total","663633.972051","4176153.686460"
"04/01/2024","2024","April","Light","125465.603717","789537.102612"
"04/01/2024","2024","April","Medium","13847.054000","87137.530693"
"04/01/2024","2024","April","Heavy","501118.509539","3153467.120586"
"04/01/2024","2024","April","Total","640431.167257","4030141.753892"
"05/01/2024","2024","May","Light","127036.790473","799424.356191"
"05/01/2024","2024","May","Medium","20003.911032","125881.751569"
"05/01/2024","2024","May","Heavy","514900.892168","3240197.683587"
"05/01/2024","2024","May","Total","661941.593674","4165503.791347"
"06/01/2024","2024","June","Light","123271.865254","775732.220170"
"06/01/2024","2024","June","Medium","18542.326578","116684.209608"
"06/01/2024","2024","June","Heavy","538323.343153","3387591.818229"
"06/01/2024","2024","June","Total","680137.534987","4280008.248007"
"07/01/2024","2024","July","Light","149812.070061","942745.933769"
"07/01/2024","2024","July","Medium","15370.705362","96725.650836"
"07/01/2024","2024","July","Heavy","523653.911892","3295279.185033"
"07/01/2024","2024","July","Total","688836.687316","4334750.769638"
"08/01/2024","2024","August","Light","141008.780472","887348.091260"
"08/01/2024","2024","August","Medium","18758.685076","118045.722691"
"08/01/2024","2024","August","Heavy","513817.554960","3233380.397459"
"08/01/2024","2024","August","Total","673585.020509","4238774.211410"
"09/01/2024","2024","September","Light","169575.056168","1067111.579238"
"09/01/2024","2024","September","Medium","13009.657016","81867.911222"
"09/01/2024","2024","September","Heavy","473603.393269","2980318.428557"
"09/01/2024","2024","September","Total","656188.106454","4129297.919017"
"10/01/2024","2024","October","Light","132045.227168","830941.732104"
"10/01/2024","2024","October","Medium","17164.804707","108015.661455"
"10/01/2024","2024","October","Heavy","510330.106972","3211434.385972"
"10/01/2024","2024","October","Total","659540.138848","4150391.779531"
"11/01/2024","2024","November","Light","130633.031818","822054.988713"
"11/01/2024","2024","November","Medium","15697.048253","98779.279978"
"11/01/2024","2024","November","Heavy","526422.091663","3312698.944479"
"11/01/2024","2024","November","Total","672752.171735","4233533.213171"
"12/01/2024","2024","December","Light","133797.769048","841970.227541"
"12/01/2024","2024","December","Medium","19030.084783","119753.602241"
"12/01/2024","2024","December","Heavy","532158.543675","3348797.616675"
"12/01/2024","2024","December","Total","684986.397507","4310521.446457"
"01/01/2025","2025","January","Light","130957.633163","824097.658557"
"01/01/2025","2025","January","Medium","15551.358064","97862.472456"
"01/01/2025","2025","January","Heavy","538511.106906","3388773.388672"
"01/01/2025","2025","January","Total","685020.098134","4310733.519684"
"02/01/2025","2025","February","Light","148703.472320","935769.686718"
"02/01/2025","2025","February","Medium","16473.867500","103667.692414"
"02/01/2025","2025","February","Heavy","521833.029439","3283820.632140"
"02/01/2025","2025","February","Total","687010.369260","4323258.011273"
